0.0
0.016
0.032
0.048
0.064
0.08
0.096
0.112
0.128
0.144
0.16
0.176
0.192
0.208
0.224
0.24
0.256
0.272
0.288
0.304
0.32
0.336
0.352
0.368
0.384
0.4
0.416
0.432
0.448
0.464
0.48
0.496
0.512
0.528
0.544
0.56
0.576
0.592
0.608
0.624
0.64
0.656
0.672
0.688
0.704
0.72
0.736
0.752
0.768
0.784
0.8
0.816
0.832
0.848
0.864
0.88
0.896
0.912
0.928
0.944
0.96
0.976
0.992
1.008
1.024
1.04
1.056
1.072
1.088
1.104
1.12
1.136
1.152
1.168
1.184
1.2
1.216
1.232
1.248
1.264
1.28
1.296
1.312
1.328
1.344
1.36
1.376
1.392
1.408
1.424
1.44
1.456
1.472
1.488
1.504
1.52
1.536
1.552
1.568
1.584
1.6
1.616
1.632
1.648
1.664
1.68
1.696
1.712
1.728
1.744
1.76
1.776
1.792
1.808
1.824
1.84
1.856
1.872
1.888
1.904
1.92
1.936
1.952
1.968
1.984
2.0
2.016
2.032
2.048
2.064
2.08
2.096
2.112
2.128
2.144
2.16
2.176
2.192
2.208
2.224
2.24
2.256
2.272
2.288
2.304
2.32
2.336
2.352
2.368
2.384
2.4
2.416
2.432
2.448
2.464
2.48
2.496
2.512
2.528
2.544
2.56
2.576
2.592
2.608
2.624
2.64
2.656
2.672
2.688
2.704
2.72
2.736
2.752
2.768
2.784
2.8
2.816
2.832
2.848
2.864
2.88
2.896
2.912
2.928
2.944
2.96
2.976
2.992
3.008
3.024
3.04
3.056
3.072
3.088
3.104
3.12
3.136
3.152
3.168
3.184
3.2
3.216
3.232
3.248
3.264
3.28
3.296
3.312
3.328
3.344
3.36
3.376
3.392
3.408
3.424
3.44
3.456
3.472
3.488
3.504
3.52
3.536
3.552
3.568
3.584
3.6
3.616
3.632
3.648
3.664
3.68
3.696
3.712
3.728
3.744
3.76
3.776
3.792
3.808
3.824
3.84
3.856
3.872
3.888
3.904
3.92
3.936
3.952
3.968
3.984
4.0
4.016
4.032
4.048
4.064
4.08
4.096
4.112
4.128
4.144
4.16
4.176
4.192
4.208
4.224
4.24
4.256
4.272
4.288
4.304
4.32
4.336
4.352
4.368
4.384
4.4
4.416
4.432
4.448
4.464
4.48
4.496
4.512
4.528
4.544
4.56
4.576
4.592
4.608
4.624
4.64
4.656
4.672
4.688
4.704
4.72
4.736
4.752
4.768
4.784
4.8
4.816
4.832
4.848
4.864
4.88
4.896
4.912
4.928
4.944
4.96
4.976
4.992
5.008
5.024
5.04
5.056
5.072
5.088
5.104
5.12
5.136
5.152
5.168
5.184
5.2
5.216
5.232
5.248
5.264
5.28
5.296
5.312
5.328
5.344
5.36
5.376
5.392
5.408
5.424
5.44
5.456
5.472
5.488
5.504
5.52
5.536
5.552
5.568
5.584
5.6
5.616
5.632
5.648
5.664
5.68
5.696
5.712
5.728
5.744
5.76
5.776
5.792
5.808
5.824
5.84
5.856
5.872
5.888
5.904
5.92
5.936
5.952
5.968
5.984
6.0
6.016
6.032
6.048
6.064
6.08
6.096
6.112
6.128
6.144
6.16
6.176
6.192
6.208
6.224
6.24
6.256
6.272
6.288
6.304
6.32
6.336
6.352
6.368
6.384
6.4
6.416
6.432
6.448
6.464
6.48
6.496
6.512
6.528
6.544
6.56
6.576
6.592
6.608
6.624
6.64
6.656
6.672
6.688
6.704
6.72
6.736
6.752
6.768
6.784
6.8
6.816
6.832
6.848
6.864
6.88
6.896
6.912
6.928
6.944
6.96
6.976
6.992
7.008
7.024
7.04
7.056
7.072
7.088
7.104
7.12
7.136
7.152
7.168
7.184
7.2
7.216
7.232
7.248
7.264
7.28
7.296
7.312
7.328
7.344
7.36
7.376
7.392
7.408
7.424
7.44
7.456
7.472
7.488
7.504
7.52
7.536
7.552
7.568
7.584
7.6
7.616
7.632
7.648
7.664
7.68
7.696
7.712
7.728
7.744
7.76
7.776
7.792
7.808
7.824
7.84
7.856
7.872
7.888
7.904
7.92
7.936
7.952
7.968
7.984
8.0
8.016
8.032
8.048
8.064
8.08
8.096
8.112
8.128
8.144
8.16
8.176
8.192
8.208
8.224
8.24
8.256
8.272
8.288
8.304
8.32
8.336
8.352
8.368
8.384
8.4
8.416
8.432
8.448
8.464
8.48
8.496
8.512
8.528
8.544
8.56
8.576
8.592
8.608
8.624
8.64
8.656
8.672
8.688
8.704
8.72
8.736
8.752
8.768
8.784
8.8
8.816
8.832
8.848
8.864
8.88
8.896
8.912
8.928
8.944
8.96
8.976
8.992
9.008
9.024
9.04
9.056
9.072
9.088
9.104
9.12
9.136
9.152
9.168
9.184
9.2
9.216
9.232
9.248
9.264
9.28
9.296
9.312
9.328
9.344
9.36
9.376
9.392
9.408
9.424
9.44
9.456
9.472
9.488
9.504
9.52
9.536
9.552
9.568
9.584
9.6
9.616
9.632
9.648
9.664
9.68
9.696
9.712
9.728
9.744
9.76
9.776
9.792
9.808
9.824
9.84
9.856
9.872
9.888
9.904
9.92
9.936
9.952
9.968
9.984
10.0
10.016
10.032
10.048
10.064
10.08
10.096
10.112
10.128
10.144
10.16
10.176
10.192
10.208
10.224
10.24
10.256
10.272
10.288
10.304
10.32
10.336
10.352
10.368
10.384
10.4
10.416
10.432
10.448
10.464
10.48
10.496
10.512
10.528
10.544
10.56
10.576
10.592
10.608
10.624
10.64
10.656
10.672
10.688
10.704
10.72
10.736
10.752
10.768
10.784
10.8
10.816
10.832
10.848
10.864
10.88
10.896
10.912
10.928
10.944
10.96
10.976
10.992
11.008
11.024
11.04
11.056
11.072
11.088
11.104
11.12
11.136
11.152
11.168
11.184
11.2
11.216
11.232
11.248
11.264
11.28
11.296
11.312
11.328
11.344
11.36
11.376
11.392
11.408
11.424
11.44
11.456
11.472
11.488
11.504
11.52
11.536
11.552
11.568
11.584
11.6
11.616
11.632
11.648
11.664
11.68
11.696
11.712
11.728
11.744
11.76
11.776
11.792
11.808
11.824
11.84
11.856
11.872
11.888
11.904
11.92
11.936
11.952
11.968
11.984
12.0
12.016
12.032
12.048
12.064
12.08
12.096
12.112
12.128
12.144
12.16
12.176
12.192
12.208
12.224
12.24
12.256
12.272
12.288
12.304
12.32
12.336
12.352
12.368
12.384
12.4
12.416
12.432
12.448
12.464
12.48
12.496
12.512
12.528
12.544
12.56
12.576
12.592
12.608
12.624
12.64
12.656
12.672
12.688
12.704
12.72
12.736
12.752
12.768
12.784
12.8
12.816
12.832
12.848
12.864
12.88
12.896
12.912
12.928
12.944
12.96
12.976
12.992
13.008
13.024
13.04
13.056
13.072
13.088
13.104
13.12
13.136
13.152
13.168
13.184
13.2
13.216
13.232
13.248
13.264
13.28
13.296
13.312
13.328
13.344
13.36
13.376
13.392
13.408
13.424
13.44
13.456
13.472
13.488
13.504
13.52
13.536
13.552
13.568
13.584
13.6
13.616
13.632
13.648
13.664
13.68
13.696
13.712
13.728
13.744
13.76
13.776
13.792
13.808
13.824
13.84
13.856
13.872
13.888
13.904
13.92
13.936
13.952
13.968
13.984
14.0
14.016
14.032
14.048
14.064
14.08
14.096
14.112
14.128
14.144
14.16
14.176
14.192
14.208
14.224
14.24
14.256
14.272
14.288
14.304
14.32
14.336
14.352
14.368
14.384
14.4
14.416
14.432
14.448
14.464
14.48
14.496
14.512
14.528
14.544
14.56
14.576
14.592
14.608
14.624
14.64
14.656
14.672
14.688
14.704
14.72
14.736
14.752
14.768
14.784
14.8
14.816
14.832
14.848
14.864
14.88
14.896
14.912
14.928
14.944
14.96
14.976
14.992
15.008
15.024
15.04
15.056
15.072
15.088
15.104
15.12
15.136
15.152
15.168
15.184
15.2
15.216
15.232
15.248
15.264
15.28
15.296
15.312
15.328
15.344
15.36
15.376
15.392
15.408
15.424
15.44
15.456
15.472
15.488
15.504
15.52
15.536
15.552
15.568
15.584
15.6
15.616
15.632
15.648
15.664
15.68
15.696
15.712
15.728
15.744
15.76
15.776
15.792
15.808
15.824
15.84
15.856
15.872
15.888
15.904
15.92
15.936
15.952
15.968
15.984
16.0
16.016
16.032
16.048
16.064
16.08
16.096
16.112
16.128
16.144
16.16
16.176
16.192
16.208
16.224
16.24
16.256
16.272
16.288
16.304
16.32
16.336
16.352
16.368
16.384
16.4
16.416
16.432
16.448
16.464
16.48
16.496
16.512
16.528
16.544
16.56
16.576
16.592
16.608
16.624
16.64
16.656
16.672
16.688
16.704
16.72
16.736
16.752
16.768
16.784
16.8
16.816
16.832
16.848
16.864
16.88
16.896
16.912
16.928
16.944
16.96
16.976
16.992
17.008
17.024
17.04
17.056
17.072
17.088
17.104
17.12
17.136
17.152
17.168
17.184
17.2
17.216
17.232
17.248
17.264
17.28
17.296
17.312
17.328
17.344
17.36
17.376
17.392
17.408
17.424
17.44
17.456
17.472
17.488
17.504
17.52
17.536
17.552
17.568
17.584
17.6
17.616
17.632
17.648
17.664
17.68
17.696
17.712
17.728
17.744
17.76
17.776
17.792
17.808
17.824
17.84
17.856
17.872
17.888
17.904
17.92
17.936
17.952
17.968
17.984
18.0
18.016
18.032
18.048
18.064
18.08
18.096
18.112
18.128
18.144
18.16
18.176
18.192
18.208
18.224
18.24
18.256
18.272
18.288
18.304
18.32
18.336
18.352
18.368
18.384
18.4
18.416
18.432
18.448
18.464
18.48
18.496
18.512
18.528
18.544
18.56
18.576
18.592
18.608
18.624
18.64
18.656
18.672
18.688
18.704
18.72
18.736
18.752
18.768
18.784
18.8
18.816
18.832
18.848
18.864
18.88
18.896
18.912
18.928
18.944
18.96
18.976
18.992
19.008
19.024
19.04
19.056
19.072
19.088
19.104
19.12
19.136
19.152
19.168
19.184
19.2
19.216
19.232
19.248
19.264
19.28
19.296
19.312
19.328
19.344
19.36
19.376
19.392
19.408
19.424
19.44
19.456
19.472
19.488
19.504
19.52
19.536
19.552
19.568
19.584
19.6
19.616
19.632
19.648
19.664
19.68
19.696
19.712
19.728
19.744
19.76
19.776
19.792
19.808
19.824
19.84
19.856
19.872
19.888
19.904
19.92
19.936
19.952
19.968
19.984
20.0
20.016
20.032
20.048
20.064
20.08
20.096
20.112
20.128
20.144
20.16
20.176
20.192
20.208
20.224
20.24
20.256
20.272
20.288
20.304
20.32
20.336
20.352
20.368
20.384
20.4
20.416
20.432
20.448
20.464
20.48
20.496
20.512
20.528
20.544
20.56
20.576
20.592
20.608
20.624
20.64
20.656
20.672
20.688
20.704
20.72
20.736
20.752
20.768
20.784
20.8
20.816
20.832
20.848
20.864
20.88
20.896
20.912
20.928
20.944
20.96
20.976
20.992
21.008
21.024
21.04
21.056
21.072
21.088
21.104
21.12
21.136
21.152
21.168
21.184
21.2
21.216
21.232
21.248
21.264
21.28
21.296
21.312
21.328
21.344
21.36
21.376
21.392
21.408
21.424
21.44
21.456
21.472
21.488
21.504
21.52
21.536
21.552
21.568
21.584
21.6
21.616
21.632
21.648
21.664
21.68
21.696
21.712
21.728
21.744
21.76
21.776
21.792
21.808
21.824
21.84
21.856
21.872
21.888
21.904
21.92
21.936
21.952
21.968
21.984
22.0
22.016
22.032
22.048
22.064
22.08
22.096
22.112
22.128
22.144
22.16
22.176
22.192
22.208
22.224
22.24
22.256
22.272
22.288
22.304
22.32
22.336
22.352
22.368
22.384
22.4
22.416
22.432
22.448
22.464
22.48
22.496
22.512
22.528
22.544
22.56
22.576
22.592
22.608
22.624
22.64
22.656
22.672
22.688
22.704
22.72
22.736
22.752
22.768
22.784
22.8
22.816
22.832
22.848
22.864
22.88
22.896	311.1269837220809
22.912
22.928
22.944
22.96
22.976
22.992
23.008
23.024
23.04
23.056
23.072
23.088
23.104
23.12
23.136
23.152
23.168
23.184
23.2
23.216
23.232
23.248
23.264
23.28
23.296
23.312
23.328
23.344
23.36
23.376
23.392
23.408
23.424
23.44
23.456
23.472
23.488	311.1269837220809
23.504	311.1269837220809
23.52
23.536
23.552
23.568
23.584
23.6
23.616
23.632
23.648
23.664
23.68
23.696
23.712
23.728
23.744
23.76
23.776
23.792
23.808
23.824
23.84
23.856
23.872
23.888
23.904
23.92
23.936
23.952
23.968
23.984
24.0
24.016
24.032
24.048
24.064
24.08
24.096
24.112
24.128
24.144
24.16
24.176
24.192
24.208
24.224
24.24
24.256
24.272
24.288
24.304
24.32
24.336
24.352
24.368
24.384
24.4
24.416
24.432
24.448
24.464
24.48
24.496
24.512
24.528
24.544
24.56
24.576
24.592
24.608
24.624
24.64
24.656
24.672
24.688
24.704
24.72
24.736
24.752
24.768
24.784
24.8
24.816
24.832
24.848
24.864
24.88
24.896
24.912
24.928
24.944
24.96
24.976
24.992
25.008
25.024
25.04
25.056
25.072
25.088
25.104
25.12
25.136
25.152
25.168
25.184
25.2
25.216
25.232
25.248
25.264
25.28
25.296
25.312
25.328
25.344
25.36
25.376
25.392
25.408
25.424
25.44
25.456
25.472
25.488
25.504
25.52
25.536
25.552
25.568
25.584
25.6
25.616
25.632
25.648
25.664
25.68
25.696
25.712
25.728
25.744
25.76
25.776
25.792
25.808
25.824
25.84
25.856
25.872
25.888
25.904
25.92
25.936
25.952
25.968
25.984
26.0
26.016
26.032
26.048
26.064
26.08
26.096
26.112
26.128
26.144
26.16
26.176
26.192
26.208
26.224
26.24
26.256
26.272
26.288
26.304
26.32
26.336
26.352
26.368
26.384
26.4
26.416
26.432
26.448
26.464
26.48
26.496
26.512
26.528
26.544
26.56
26.576
26.592
26.608
26.624
26.64
26.656
26.672
26.688
26.704
26.72
26.736
26.752
26.768
26.784
26.8
26.816
26.832
26.848
26.864
26.88
26.896
26.912
26.928
26.944
26.96
26.976
26.992
27.008
27.024
27.04
27.056
27.072
27.088
27.104
27.12
27.136
27.152
27.168
27.184
27.2
27.216
27.232
27.248
27.264
27.28
27.296
27.312
27.328
27.344
27.36
27.376
27.392
27.408
27.424
27.44
27.456
27.472
27.488
27.504
27.52
27.536
27.552
27.568
27.584
27.6
27.616
27.632
27.648
27.664
27.68
27.696
27.712
27.728
27.744
27.76
27.776
27.792
27.808
27.824
27.84
27.856
27.872
27.888
27.904
27.92
27.936
27.952
27.968
27.984
28.0
28.016
28.032
28.048
28.064
28.08
28.096
28.112
28.128
28.144
28.16
28.176
28.192
28.208
28.224
28.24
28.256
28.272
28.288
28.304
28.32
28.336
28.352
28.368
28.384
28.4
28.416
28.432
28.448
28.464
28.48
28.496
28.512
28.528
28.544
28.56
28.576
28.592
28.608
28.624
28.64
28.656
28.672
28.688
28.704
28.72
28.736
28.752
28.768
28.784
28.8
28.816
28.832
28.848
28.864
28.88
28.896
28.912
28.928
28.944
28.96
28.976
28.992
29.008
29.024
29.04
29.056
29.072
29.088
29.104
29.12
29.136
29.152
29.168
29.184
29.2
29.216
29.232
29.248
29.264
29.28
29.296
29.312
29.328
29.344
29.36
29.376
29.392
29.408
29.424
29.44
29.456
29.472
29.488
29.504
29.52
29.536
29.552
29.568
29.584
29.6
29.616
29.632
29.648
29.664
29.68
29.696
29.712
29.728
29.744
29.76
29.776
29.792
29.808
29.824
29.84
29.856
29.872
29.888
29.904
29.92
29.936
29.952
29.968
29.984
30.0
30.016
30.032
30.048
30.064
30.08
30.096
30.112
30.128
30.144
30.16
30.176
30.192
30.208
30.224
30.24
30.256
30.272
30.288
30.304
30.32
30.336
30.352
30.368
30.384
30.4
30.416
30.432
30.448
30.464
30.48
30.496
30.512
30.528
30.544
30.56
30.576
30.592
30.608
30.624
30.64
30.656
30.672
30.688
30.704
30.72
30.736
30.752
30.768
30.784
30.8
30.816
30.832
30.848
30.864
30.88
30.896
30.912
30.928
30.944
30.96
30.976
30.992
31.008
31.024
31.04
31.056
31.072
31.088
31.104
31.12
31.136
31.152
31.168
31.184
31.2
31.216
31.232
31.248
31.264
31.28
31.296
31.312
31.328
31.344
31.36
31.376
31.392
31.408
31.424
31.44
31.456
31.472
31.488
31.504
31.52
31.536
31.552
31.568
31.584
31.6
31.616
31.632
31.648
31.664
31.68
31.696
31.712
31.728
31.744
31.76	116.54094037952248	233.08188075904496
31.776	116.54094037952248	233.08188075904496
31.792
31.808
31.824	116.54094037952248	233.08188075904496
31.84
31.856
31.872
31.888
31.904
31.92
31.936
31.952
31.968
31.984
32.0
32.016
32.032
32.048
32.064
32.08
32.096
32.112
32.128
32.144
32.16
32.176
32.192
32.208
32.224
32.24
32.256
32.272
32.288
32.304
32.32
32.336
32.352
32.368
32.384
32.4
32.416
32.432
32.448
32.464
32.48
32.496
32.512
32.528
32.544
32.56
32.576
32.592
32.608
32.624
32.64
32.656
32.672
32.688
32.704
32.72
32.736
32.752
32.768
32.784
32.8
32.816
32.832
32.848
32.864
32.88
32.896
32.912
32.928
32.944
32.96
32.976
32.992
33.008
33.024
33.04
33.056
33.072
33.088
33.104
33.12
33.136
33.152
33.168
33.184
33.2
33.216
33.232
33.248
33.264
33.28
33.296
33.312
33.328
33.344
33.36
33.376
33.392
33.408
33.424
33.44
33.456
33.472
33.488
33.504
33.52
33.536
33.552
33.568
33.584
33.6
33.616
33.632
33.648
33.664
33.68
33.696
33.712
33.728
33.744
33.76
33.776
33.792
33.808
33.824
33.84
33.856
33.872
33.888
33.904
33.92
33.936
33.952
33.968
33.984
34.0
34.016
34.032
34.048
34.064
34.08
34.096
34.112
34.128
34.144
34.16
34.176
34.192
34.208
34.224
34.24
34.256
34.272	233.08188075904496
34.288
34.304
34.32
34.336
34.352
34.368
34.384
34.4
34.416
34.432
34.448
34.464
34.48
34.496
34.512
34.528
34.544
34.56
34.576
34.592
34.608
34.624
34.64
34.656
34.672
34.688
34.704
34.72
34.736
34.752
34.768
34.784
34.8
34.816
34.832
34.848
34.864
34.88
34.896
34.912
34.928
34.944
34.96
34.976
34.992
35.008
35.024
35.04
35.056
35.072
35.088
35.104
35.12
35.136
35.152
35.168
35.184
35.2
35.216
35.232
35.248
35.264
35.28
35.296
35.312
35.328
35.344
35.36
35.376
35.392
35.408
35.424
35.44
35.456
35.472
35.488
35.504
35.52
35.536
35.552
35.568
35.584
35.6
35.616
35.632
35.648
35.664
35.68
35.696
35.712
35.728
35.744
35.76
35.776
35.792
35.808
35.824
35.84
35.856
35.872
35.888
35.904
35.92
35.936
35.952
35.968
35.984
36.0
36.016
36.032
36.048
36.064
36.08
36.096
36.112
36.128
36.144
36.16
36.176
36.192
36.208
36.224
36.24
36.256
36.272
36.288
36.304
36.32
36.336
36.352
36.368
36.384
36.4
36.416
36.432
36.448
36.464
36.48
36.496
36.512
36.528
36.544
36.56
36.576
36.592
36.608
36.624
36.64
36.656
36.672
36.688
36.704
36.72
36.736
36.752
36.768
36.784
36.8
36.816
36.832
36.848
36.864
36.88
36.896
36.912
36.928
36.944
36.96
36.976
36.992
37.008
37.024
37.04
37.056
37.072
37.088
37.104
37.12
37.136
37.152
37.168
37.184
37.2
37.216
37.232
37.248
37.264
37.28
37.296
37.312
37.328
37.344
37.36
37.376
37.392
37.408
37.424
37.44
37.456
37.472
37.488
37.504
37.52
37.536
37.552
37.568
37.584
37.6
37.616
37.632
37.648
37.664
37.68
37.696
37.712
37.728
37.744
37.76
37.776
37.792
37.808
37.824
37.84
37.856
37.872
37.888
37.904
37.92
37.936
37.952
37.968
37.984
38.0
38.016
38.032
38.048
38.064
38.08
38.096
38.112
38.128
38.144
38.16
38.176
38.192
38.208
38.224
38.24
38.256
38.272
38.288
38.304
38.32
38.336
38.352
38.368
38.384
38.4
38.416
38.432
38.448
38.464
38.48
38.496
38.512
38.528
38.544
38.56
38.576
38.592
38.608
38.624
38.64
38.656
38.672
38.688
38.704
38.72
38.736
38.752
38.768
38.784
38.8
38.816
38.832
38.848
38.864
38.88
38.896
38.912
38.928
38.944
38.96
38.976
38.992
39.008
39.024
39.04
39.056
39.072
39.088
39.104
39.12
39.136
39.152
39.168
39.184
39.2
39.216
39.232
39.248
39.264
39.28
39.296
39.312
39.328
39.344
39.36
39.376
39.392
39.408
39.424
39.44
39.456
39.472
39.488
39.504
39.52
39.536
39.552
39.568
39.584
39.6
39.616
39.632
39.648
39.664
39.68
39.696
39.712
39.728
39.744
39.76
39.776
39.792
39.808
39.824
39.84
39.856
39.872
39.888
39.904
39.92
39.936
39.952
39.968
39.984
40.0
40.016
40.032
40.048
40.064
40.08
40.096
40.112
40.128
40.144
40.16
40.176
40.192
40.208
40.224
40.24
40.256
40.272
40.288
40.304
40.32
40.336	116.54094037952248	233.08188075904496
40.352
40.368
40.384
40.4
40.416
40.432
40.448
40.464
40.48
40.496
40.512
40.528
40.544
40.56
40.576
40.592
40.608
40.624
40.64
40.656
40.672
40.688
40.704
40.72
40.736
40.752
40.768
40.784
40.8
40.816
40.832
40.848
40.864
40.88
40.896
40.912
40.928
40.944
40.96
40.976
40.992
41.008
41.024
41.04
41.056
41.072	311.1269837220809
41.088	233.08188075904496	311.1269837220809
41.104	311.1269837220809
41.12	233.08188075904496	311.1269837220809
41.136
41.152	233.08188075904496	311.1269837220809	349.2282314330039
41.168	116.54094037952248	233.08188075904496	311.1269837220809	349.2282314330039
41.184	116.54094037952248	233.08188075904496	311.1269837220809	349.2282314330039
41.2	233.08188075904496	311.1269837220809
41.216
41.232
41.248
41.264
41.28
41.296
41.312
41.328
41.344
41.36
41.376
41.392
41.408
41.424
41.44
41.456
41.472
41.488
41.504
41.52
41.536
41.552
41.568
41.584
41.6
41.616
41.632
41.648
41.664
41.68
41.696
41.712
41.728
41.744
41.76
41.776
41.792
41.808
41.824
41.84
41.856
41.872
41.888
41.904
41.92
41.936
41.952
41.968
41.984
42.0
42.016
42.032
42.048
42.064
42.08
42.096
42.112
42.128
42.144
42.16
42.176
42.192
42.208
42.224
42.24
42.256
42.272
42.288
42.304
42.32
42.336
42.352
42.368
42.384
42.4
42.416
42.432
42.448
42.464
42.48
42.496
42.512
42.528
42.544
42.56
42.576
42.592
42.608
42.624
42.64
42.656
42.672
42.688
42.704
42.72
42.736
42.752
42.768	311.1269837220809
42.784
42.8
42.816
42.832
42.848
42.864
42.88
42.896
42.912
42.928
42.944
42.96
42.976
42.992
43.008
43.024
43.04
43.056
43.072
43.088
43.104
43.12
43.136
43.152
43.168
43.184
43.2
43.216
43.232
43.248
43.264
43.28
43.296
43.312
43.328
43.344
43.36
43.376
43.392
43.408
43.424
43.44
43.456
43.472
43.488
43.504
43.52
43.536
43.552
43.568
43.584
43.6
43.616
43.632
43.648
43.664
43.68
43.696
43.712
43.728
43.744
43.76
43.776
43.792
43.808
43.824
43.84
43.856
43.872
43.888
43.904
43.92
43.936
43.952
43.968
43.984
44.0
44.016
44.032
44.048
44.064
44.08
44.096
44.112
44.128
44.144
44.16
44.176
44.192
44.208
44.224
44.24
44.256
44.272
44.288
44.304
44.32
44.336
44.352
44.368
44.384
44.4
44.416
44.432
44.448
44.464
44.48
44.496
44.512
44.528
44.544
44.56
44.576
44.592
44.608
44.624
44.64
44.656
44.672
44.688
44.704
44.72
44.736
44.752
44.768
44.784
44.8
44.816
44.832
44.848
44.864
44.88
44.896
44.912
44.928
44.944
44.96
44.976
44.992
45.008
45.024
45.04
45.056
45.072	233.08188075904496
45.088	233.08188075904496
45.104	233.08188075904496	369.9944227116344
45.12
45.136
45.152	233.08188075904496
45.168	233.08188075904496	369.9944227116344
45.184
45.2	233.08188075904496
45.216	233.08188075904496
45.232
45.248
45.264	233.08188075904496
45.28	233.08188075904496	369.9944227116344
45.296	233.08188075904496
45.312	233.08188075904496	369.9944227116344
45.328	116.54094037952248	233.08188075904496	277.1826309768721	369.9944227116344
45.344	116.54094037952248	233.08188075904496	277.1826309768721	369.9944227116344
45.36	116.54094037952248	233.08188075904496	277.1826309768721	369.9944227116344
45.376	116.54094037952248	233.08188075904496	369.9944227116344
45.392	233.08188075904496	369.9944227116344
45.408	233.08188075904496	369.9944227116344
45.424	233.08188075904496	369.9944227116344
45.44
45.456	233.08188075904496
45.472	233.08188075904496
45.488	233.08188075904496	369.9944227116344
45.504	233.08188075904496
45.52	233.08188075904496
45.536	233.08188075904496	369.9944227116344
45.552	233.08188075904496	369.9944227116344
45.568	116.54094037952248	233.08188075904496	369.9944227116344
45.584	116.54094037952248	233.08188075904496	369.9944227116344
45.6	116.54094037952248	233.08188075904496	369.9944227116344
45.616	233.08188075904496	369.9944227116344
45.632	233.08188075904496	369.9944227116344
45.648	233.08188075904496	369.9944227116344
45.664	233.08188075904496	369.9944227116344
45.68	233.08188075904496	369.9944227116344
45.696	233.08188075904496	369.9944227116344
45.712
45.728
45.744
45.76
45.776
45.792
45.808
45.824
45.84
45.856
45.872
45.888
45.904
45.92
45.936
45.952	233.08188075904496
45.968	233.08188075904496
45.984
46.0	233.08188075904496
46.016
46.032	233.08188075904496
46.048	233.08188075904496	369.9944227116344
46.064	233.08188075904496	369.9944227116344
46.08	233.08188075904496	369.9944227116344
46.096	233.08188075904496	369.9944227116344
46.112	233.08188075904496	369.9944227116344
46.128
46.144
46.16
46.176	233.08188075904496
46.192
46.208
46.224
46.24
46.256	233.08188075904496
46.272	233.08188075904496	369.9944227116344
46.288	233.08188075904496
46.304	233.08188075904496
46.32	233.08188075904496
46.336	116.54094037952248	233.08188075904496	369.9944227116344
46.352	116.54094037952248	233.08188075904496	369.9944227116344
46.368	116.54094037952248	233.08188075904496	369.9944227116344
46.384	233.08188075904496	369.9944227116344
46.4
46.416
46.432	233.08188075904496
46.448
46.464
46.48
46.496
46.512
46.528
46.544
46.56
46.576
46.592
46.608
46.624
46.64
46.656
46.672
46.688
46.704
46.72
46.736
46.752
46.768
46.784
46.8
46.816
46.832
46.848
46.864
46.88	233.08188075904496
46.896	233.08188075904496
46.912	116.54094037952248	233.08188075904496	369.9944227116344
46.928	233.08188075904496
46.944
46.96
46.976	233.08188075904496
46.992
47.008
47.024
47.04	233.08188075904496
47.056	233.08188075904496
47.072
47.088
47.104	233.08188075904496	261.6255653005986	277.1826309768721	311.1269837220809	369.9944227116344
47.12	233.08188075904496	261.6255653005986	277.1826309768721	311.1269837220809	369.9944227116344
47.136	233.08188075904496	261.6255653005986	277.1826309768721	311.1269837220809	369.9944227116344
47.152	233.08188075904496	261.6255653005986	277.1826309768721	311.1269837220809	369.9944227116344
47.168	233.08188075904496	261.6255653005986	277.1826309768721	311.1269837220809	369.9944227116344
47.184	233.08188075904496	261.6255653005986	277.1826309768721	311.1269837220809	369.9944227116344
47.2	233.08188075904496	261.6255653005986	277.1826309768721	311.1269837220809	369.9944227116344
47.216	233.08188075904496	261.6255653005986	277.1826309768721	311.1269837220809	369.9944227116344
47.232	261.6255653005986	277.1826309768721	311.1269837220809	369.9944227116344
47.248	261.6255653005986	277.1826309768721	369.9944227116344
47.264	261.6255653005986	277.1826309768721	311.1269837220809	369.9944227116344
47.28	261.6255653005986	277.1826309768721	311.1269837220809	369.9944227116344
47.296	261.6255653005986	277.1826309768721	311.1269837220809	369.9944227116344
47.312	261.6255653005986	277.1826309768721	369.9944227116344
47.328
47.344
47.36
47.376
47.392
47.408
47.424
47.44
47.456
47.472
47.488	277.1826309768721	311.1269837220809
47.504
47.52
47.536
47.552
47.568
47.584
47.6	277.1826309768721
47.616	277.1826309768721
47.632	277.1826309768721
47.648	277.1826309768721	369.9944227116344
47.664	277.1826309768721
47.68
47.696
47.712
47.728	277.1826309768721
47.744	277.1826309768721
47.76	261.6255653005986	277.1826309768721	311.1269837220809	369.9944227116344
47.776	261.6255653005986	277.1826309768721	311.1269837220809	369.9944227116344
47.792	261.6255653005986	277.1826309768721	311.1269837220809	369.9944227116344
47.808	261.6255653005986	277.1826309768721	311.1269837220809	369.9944227116344
47.824	233.08188075904496	261.6255653005986	277.1826309768721	311.1269837220809	369.9944227116344
47.84	233.08188075904496	261.6255653005986	277.1826309768721	311.1269837220809	369.9944227116344
47.856	233.08188075904496	261.6255653005986	277.1826309768721	311.1269837220809	349.2282314330039	369.9944227116344
47.872	233.08188075904496	261.6255653005986	277.1826309768721	311.1269837220809	369.9944227116344
47.888	261.6255653005986	277.1826309768721	311.1269837220809	369.9944227116344
47.904	261.6255653005986	277.1826309768721	311.1269837220809	369.9944227116344
47.92	233.08188075904496	261.6255653005986	277.1826309768721	311.1269837220809	369.9944227116344
47.936	261.6255653005986	277.1826309768721	311.1269837220809	369.9944227116344
47.952	261.6255653005986	277.1826309768721	311.1269837220809	369.9944227116344
47.968	261.6255653005986	277.1826309768721	311.1269837220809	369.9944227116344
47.984	233.08188075904496	261.6255653005986	277.1826309768721	311.1269837220809	369.9944227116344
48.0	261.6255653005986	277.1826309768721	311.1269837220809	369.9944227116344
48.016	261.6255653005986	277.1826309768721	311.1269837220809	369.9944227116344
48.032	261.6255653005986	277.1826309768721	311.1269837220809	369.9944227116344
48.048	261.6255653005986	277.1826309768721	311.1269837220809	369.9944227116344
48.064	261.6255653005986	277.1826309768721
48.08	277.1826309768721
48.096	277.1826309768721
48.112	277.1826309768721
48.128
48.144
48.16	261.6255653005986	277.1826309768721	311.1269837220809
48.176	261.6255653005986	277.1826309768721
48.192
48.208
48.224
48.24
48.256
48.272
48.288
48.304
48.32
48.336
48.352
48.368
48.384
48.4
48.416
48.432
48.448
48.464	277.1826309768721
48.48	277.1826309768721
48.496
48.512
48.528	277.1826309768721
48.544	261.6255653005986	277.1826309768721	311.1269837220809	369.9944227116344
48.56	277.1826309768721
48.576
48.592
48.608
48.624	261.6255653005986	277.1826309768721	311.1269837220809	369.9944227116344
48.64	261.6255653005986	277.1826309768721	311.1269837220809	369.9944227116344
48.656	233.08188075904496	261.6255653005986	277.1826309768721	311.1269837220809	369.9944227116344
48.672	261.6255653005986	277.1826309768721	311.1269837220809	369.9944227116344
48.688
48.704
48.72
48.736
48.752
48.768
48.784
48.8
48.816
48.832	277.1826309768721
48.848
48.864	277.1826309768721
48.88	261.6255653005986	277.1826309768721	311.1269837220809	369.9944227116344
48.896	261.6255653005986	277.1826309768721	311.1269837220809	369.9944227116344
48.912	261.6255653005986	277.1826309768721	369.9944227116344
48.928	261.6255653005986	277.1826309768721	311.1269837220809	369.9944227116344
48.944	261.6255653005986	277.1826309768721	311.1269837220809	369.9944227116344
48.96	261.6255653005986	277.1826309768721	311.1269837220809	369.9944227116344
48.976	261.6255653005986	277.1826309768721	311.1269837220809	369.9944227116344
48.992	261.6255653005986	277.1826309768721	311.1269837220809	369.9944227116344
49.008	261.6255653005986	277.1826309768721
49.024
49.04	261.6255653005986	277.1826309768721	311.1269837220809	369.9944227116344
49.056	261.6255653005986	277.1826309768721	311.1269837220809	369.9944227116344
49.072	261.6255653005986	277.1826309768721	311.1269837220809	369.9944227116344
49.088	261.6255653005986	277.1826309768721	311.1269837220809
49.104
49.12	261.6255653005986	277.1826309768721	311.1269837220809	369.9944227116344
49.136	261.6255653005986	277.1826309768721
49.152
49.168
49.184
49.2
49.216
49.232
49.248
49.264
49.28
49.296
49.312
49.328
49.344
49.36
49.376
49.392
49.408
49.424
49.44
49.456
49.472
49.488
49.504
49.52
49.536
49.552
49.568
49.584
49.6
49.616
49.632
49.648
49.664
49.68
49.696	277.1826309768721
49.712
49.728
49.744
49.76
49.776
49.792
49.808
49.824	277.1826309768721
49.84	261.6255653005986	277.1826309768721	369.9944227116344
49.856	261.6255653005986	277.1826309768721	369.9944227116344
49.872	277.1826309768721
49.888	277.1826309768721
49.904	277.1826309768721
49.92	261.6255653005986	277.1826309768721
49.936	261.6255653005986	277.1826309768721
49.952
49.968
49.984
50.0
50.016
50.032
50.048
50.064
50.08
50.096
50.112
50.128
50.144
50.16
50.176
50.192
50.208
50.224
50.24
50.256
50.272
50.288
50.304
50.32
50.336
50.352
50.368
50.384
50.4
50.416
50.432
50.448
50.464
50.48
50.496
50.512
50.528
50.544
50.56
50.576
50.592
50.608
50.624
50.64
50.656
50.672
50.688
50.704
50.72
50.736
50.752
50.768
50.784
50.8
50.816
50.832
50.848
50.864
50.88
50.896
50.912
50.928
50.944
50.96
50.976
50.992
51.008
51.024
51.04
51.056
51.072
51.088
51.104
51.12
51.136
51.152
51.168
51.184
51.2
51.216
51.232
51.248
51.264
51.28
51.296
51.312
51.328
51.344
51.36
51.376
51.392
51.408
51.424
51.44
51.456
51.472
51.488
51.504
51.52
51.536
51.552
51.568
51.584
51.6
51.616
51.632
51.648
51.664
51.68
51.696
51.712
51.728
51.744
51.76
51.776
51.792
51.808
51.824
51.84
51.856
51.872
51.888
51.904
51.92
51.936
51.952
51.968
51.984
52.0
52.016
52.032
52.048
52.064
52.08
52.096
52.112
52.128
52.144
52.16
52.176
52.192
52.208
52.224
52.24
52.256
52.272
52.288
52.304
52.32
52.336
52.352
52.368
52.384
52.4
52.416
52.432
52.448
52.464
52.48
52.496
52.512
52.528
52.544
52.56
52.576
52.592
52.608
52.624
52.64
52.656
52.672
52.688
52.704
52.72
52.736
52.752
52.768
52.784
52.8
52.816
52.832
52.848
52.864
52.88
52.896
52.912
52.928
52.944
52.96
52.976
52.992
53.008
53.024
53.04
53.056
53.072
53.088
53.104
53.12
53.136
53.152
53.168
53.184
53.2
53.216
53.232
53.248
53.264
53.28
53.296
53.312
53.328
53.344
53.36
53.376
53.392
53.408
53.424
53.44
53.456
53.472
53.488
53.504
53.52
53.536
53.552
53.568
53.584
53.6
53.616
53.632
53.648
53.664
53.68
53.696
53.712
53.728
53.744
53.76
53.776
53.792
53.808
53.824
53.84
53.856
53.872
53.888
53.904
53.92
53.936
53.952
53.968
53.984
54.0
54.016
54.032
54.048
54.064
54.08
54.096
54.112
54.128
54.144
54.16
54.176
54.192
54.208
54.224
54.24
54.256
54.272
54.288
54.304
54.32
54.336
54.352
54.368
54.384
54.4
54.416
54.432
54.448
54.464
54.48
54.496
54.512
54.528
54.544
54.56
54.576
54.592
54.608
54.624
54.64
54.656
54.672
54.688
54.704
54.72
54.736
54.752
54.768
54.784
54.8
54.816
54.832
54.848
54.864
54.88
54.896
54.912
54.928
54.944
54.96
54.976
54.992
55.008
55.024
55.04
55.056
55.072
55.088
55.104
55.12
55.136
55.152
55.168
55.184
55.2
55.216
55.232
55.248
55.264
55.28
55.296
55.312
55.328
55.344
55.36
55.376
55.392
55.408
55.424
55.44
55.456
55.472
55.488
55.504
55.52
55.536
55.552
55.568
55.584
55.6
55.616
55.632
55.648
55.664
55.68
55.696
55.712
55.728
55.744
55.76
55.776
55.792
55.808
55.824
55.84
55.856
55.872
55.888
55.904
55.92
55.936
55.952
55.968
55.984
56.0
56.016
56.032
56.048
56.064
56.08
56.096
56.112
56.128
56.144
56.16
56.176
56.192
56.208
56.224
56.24
56.256
56.272
56.288
56.304
56.32
56.336
56.352
56.368
56.384
56.4
56.416
56.432
56.448
56.464
56.48
56.496
56.512
56.528
56.544
56.56
56.576
56.592
56.608
56.624
56.64
56.656
56.672
56.688
56.704
56.72
56.736
56.752
56.768
56.784
56.8
56.816
56.832
56.848
56.864
56.88
56.896
56.912
56.928
56.944
56.96
56.976
56.992
57.008
57.024
57.04
57.056
57.072
57.088
57.104
57.12
57.136
57.152
57.168
57.184
57.2
57.216
57.232
57.248
57.264
57.28
57.296
57.312
57.328
57.344
57.36
57.376
57.392
57.408
57.424
57.44
57.456
57.472
57.488
57.504
57.52
57.536
57.552
57.568
57.584
57.6
57.616
57.632
57.648
57.664
57.68
57.696
57.712
57.728
57.744
57.76
57.776
57.792
57.808
57.824
57.84
57.856
57.872
57.888
57.904
57.92
57.936
57.952
57.968
57.984
58.0
58.016
58.032
58.048
58.064
58.08
58.096
58.112
58.128
58.144
58.16
58.176
58.192
58.208
58.224
58.24
58.256
58.272
58.288
58.304
58.32
58.336
58.352
58.368
58.384
58.4
58.416
58.432
58.448
58.464
58.48
58.496
58.512
58.528
58.544
58.56
58.576
58.592
58.608
58.624
58.64
58.656
58.672
58.688
58.704
58.72
58.736
58.752
58.768
58.784
58.8
58.816
58.832
58.848
58.864
58.88
58.896
58.912
58.928
58.944
58.96
58.976
58.992
59.008
59.024
59.04
59.056
59.072
59.088
59.104
59.12
59.136
59.152
59.168
59.184
59.2
59.216
59.232
59.248
59.264
59.28
59.296
59.312
59.328
59.344
59.36
59.376
59.392
59.408
59.424
59.44
59.456
59.472
59.488
59.504
59.52
59.536
59.552
59.568
59.584
59.6
59.616
59.632
59.648
59.664
59.68
59.696
59.712
59.728
59.744
59.76
59.776
59.792
59.808
59.824
59.84
59.856
59.872
59.888
59.904
59.92
59.936
59.952
59.968
59.984
60.0
60.016
60.032
60.048
60.064
60.08
60.096
60.112
60.128
60.144
60.16
60.176
60.192
60.208
60.224
60.24
60.256
60.272
60.288
60.304
60.32
60.336
60.352
60.368
60.384
60.4
60.416
60.432
60.448
60.464
60.48
60.496
60.512
60.528
60.544
60.56
60.576
60.592
60.608
60.624
60.64
60.656
60.672
60.688
60.704
60.72
60.736
60.752
60.768
60.784
60.8
60.816
60.832
60.848
60.864
60.88
60.896
60.912
60.928
60.944
60.96
60.976
60.992
61.008
61.024
61.04
61.056
61.072
61.088
61.104
61.12
61.136
61.152
61.168
61.184
61.2
61.216
61.232
61.248
61.264
61.28
61.296
61.312
61.328
61.344
61.36
61.376
61.392
61.408
61.424
61.44
61.456
61.472
61.488
61.504
61.52
61.536
61.552
61.568
61.584
61.6
61.616
61.632
61.648
61.664
61.68
61.696
61.712
61.728
61.744
61.76
61.776
61.792
61.808
61.824
61.84
61.856
61.872
61.888
61.904
61.92
61.936
61.952
61.968
61.984
62.0
62.016
62.032
62.048
62.064
62.08
62.096
62.112
62.128
62.144
62.16
62.176
62.192
62.208
62.224
62.24
62.256
62.272
62.288
62.304
62.32
62.336
62.352
62.368
62.384
62.4
62.416
62.432
62.448
62.464
62.48
62.496
62.512
62.528
62.544
62.56
62.576
62.592
62.608
62.624
62.64
62.656
62.672
62.688
62.704
62.72
62.736
62.752
62.768
62.784
62.8
62.816
62.832
62.848
62.864
62.88
62.896
62.912
62.928
62.944
62.96
62.976
62.992
63.008
63.024
63.04
63.056
63.072
63.088
63.104
63.12
63.136
63.152
63.168
63.184
63.2
63.216
63.232
63.248
63.264
63.28
63.296
63.312
63.328
63.344
63.36
63.376
63.392
63.408
63.424
63.44
63.456
63.472
63.488
63.504
63.52
63.536
63.552
63.568
63.584
63.6
63.616
63.632
63.648
63.664
63.68
63.696
63.712
63.728
63.744
63.76
63.776
63.792
63.808
63.824
63.84
63.856
63.872
63.888
63.904
63.92
63.936
63.952
63.968
63.984
64.0
64.016
64.032
64.048
64.064
64.08
64.096
64.112
64.128
64.144
64.16
64.176
64.192
64.208
64.224
64.24
64.256
64.272
64.288
64.304
64.32
64.336
64.352
64.368
64.384
64.4
64.416
64.432
64.448
64.464
64.48
64.496
64.512
64.528
64.544
64.56
64.576
64.592
64.608
64.624
64.64
64.656
64.672
64.688
64.704
64.72
64.736
64.752
64.768
64.784
64.8
64.816
64.832
64.848
64.864
64.88
64.896
64.912
64.928
64.944
64.96
64.976
64.992
65.008
65.024
65.04
65.056
65.072
65.088
65.104
65.12
65.136
65.152
65.168
65.184
65.2
65.216
65.232
65.248
65.264
65.28
65.296
65.312
65.328
65.344
65.36
65.376
65.392
65.408
65.424
65.44
65.456
65.472
65.488
65.504
65.52
65.536
65.552
65.568
65.584
65.6
65.616
65.632
65.648
65.664
65.68
65.696
65.712
65.728
65.744
65.76
65.776
65.792
65.808
65.824
65.84
65.856
65.872
65.888
65.904
65.92
65.936
65.952
65.968
65.984
66.0
66.016
66.032
66.048
66.064
66.08
66.096
66.112
66.128
66.144
66.16
66.176
66.192
66.208
66.224
66.24
66.256
66.272
66.288
66.304
66.32
66.336
66.352
66.368
66.384
66.4
66.416
66.432
66.448
66.464
66.48
66.496
66.512
66.528
66.544
66.56
66.576
66.592
66.608
66.624
66.64
66.656
66.672
66.688
66.704
66.72
66.736
66.752
66.768
66.784
66.8
66.816
66.832
66.848
66.864
66.88
66.896
66.912
66.928
66.944
66.96
66.976
66.992
67.008
67.024
67.04
67.056
67.072
67.088
67.104
67.12
67.136
67.152
67.168
67.184
67.2
67.216
67.232
67.248
67.264
67.28
67.296
67.312
67.328
67.344
67.36
67.376
67.392
67.408
67.424
67.44
67.456
67.472
67.488
67.504
67.52
67.536
67.552
67.568
67.584
67.6
67.616
67.632
67.648
67.664
67.68
67.696
67.712
67.728
67.744
67.76
67.776
67.792
67.808
67.824
67.84
67.856
67.872
67.888
67.904
67.92
67.936
67.952
67.968
67.984
68.0
68.016
68.032
68.048
68.064
68.08
68.096
68.112
68.128
68.144
68.16
68.176
68.192
68.208
68.224
68.24
68.256
68.272
68.288
68.304
68.32
68.336
68.352
68.368
68.384
68.4
68.416
68.432
68.448
68.464
68.48
68.496
68.512
68.528
68.544
68.56
68.576
68.592
68.608
68.624
68.64
68.656
68.672
68.688
68.704
68.72
68.736
68.752
68.768
68.784
68.8
68.816
68.832
68.848
68.864
68.88
68.896
68.912
68.928
68.944
68.96
68.976
68.992
69.008
69.024
69.04
69.056
69.072
69.088
69.104
69.12
69.136
69.152
69.168
69.184
69.2
69.216
69.232
69.248
69.264
69.28
69.296
69.312
69.328
69.344
69.36
69.376
69.392
69.408
69.424
69.44
69.456
69.472
69.488
69.504
69.52
69.536
69.552
69.568
69.584
69.6
69.616
69.632
69.648
69.664
69.68
69.696
69.712
69.728
69.744
69.76
69.776
69.792
69.808
69.824
69.84
69.856
69.872
69.888
69.904
69.92
69.936
69.952
69.968
69.984
70.0
70.016
70.032
70.048
70.064
70.08
70.096
70.112
70.128
70.144
70.16
70.176
70.192
70.208
70.224
70.24
70.256
70.272
70.288
70.304
70.32
70.336
70.352
70.368
70.384
70.4
70.416
70.432
70.448
70.464
70.48
70.496
70.512
70.528
70.544
70.56
70.576
70.592
70.608
70.624
70.64
70.656
70.672
70.688
70.704
70.72
70.736
70.752
70.768
70.784
70.8
70.816
70.832
70.848
70.864
70.88
70.896
70.912
70.928
70.944
70.96
70.976
70.992
71.008
71.024
71.04
71.056
71.072
71.088
71.104
71.12
71.136
71.152
71.168
71.184
71.2
71.216
71.232
71.248
71.264
71.28
71.296
71.312
71.328
71.344
71.36
71.376
71.392
71.408
71.424
71.44
71.456
71.472
71.488
71.504
71.52
71.536
71.552
71.568
71.584
71.6
71.616
71.632
71.648
71.664
71.68
71.696
71.712
71.728
71.744
71.76
71.776
71.792
71.808
71.824
71.84
71.856
71.872
71.888
71.904
71.92
71.936
71.952
71.968
71.984
72.0
72.016
72.032
72.048
72.064
72.08
72.096
72.112
72.128
72.144
72.16
72.176
72.192
72.208
72.224
72.24
72.256
72.272
72.288
72.304
72.32
72.336
72.352
72.368
72.384
72.4
72.416
72.432
72.448
72.464
72.48
72.496
72.512
72.528
72.544
72.56
72.576
72.592
72.608
72.624
72.64
72.656
72.672
72.688
72.704
72.72
72.736
72.752
72.768
72.784
72.8
72.816
72.832
72.848
72.864
72.88
72.896
72.912
72.928
72.944
72.96
72.976
72.992
73.008
73.024
73.04
73.056
73.072
73.088
73.104
73.12
73.136
73.152
73.168
73.184
73.2
73.216
73.232
73.248
73.264
73.28
73.296
73.312
73.328
73.344
73.36	622.2539674441618
73.376	622.2539674441618
73.392
73.408
73.424
73.44
73.456
73.472
73.488
73.504
73.52
73.536
73.552
73.568
73.584
73.6
73.616
73.632
73.648
73.664
73.68
73.696
73.712
73.728
73.744
73.76
73.776
73.792
73.808
73.824
73.84
73.856
73.872
73.888
73.904
73.92
73.936
73.952
73.968
73.984
74.0
74.016
74.032
74.048
74.064
74.08
74.096
74.112
74.128
74.144
74.16
74.176
74.192
74.208
74.224
74.24
74.256
74.272
74.288
74.304
74.32
74.336
74.352
74.368
74.384
74.4
74.416
74.432
74.448
74.464
74.48
74.496
74.512
74.528
74.544
74.56
74.576
74.592
74.608
74.624
74.64
74.656
74.672
74.688
74.704
74.72
74.736
74.752
74.768
74.784
74.8
74.816
74.832
74.848
74.864
74.88
74.896
74.912
74.928
74.944
74.96
74.976
74.992
75.008
75.024
75.04
75.056
75.072
75.088
75.104
75.12
75.136
75.152
75.168
75.184
75.2
75.216
75.232
75.248
75.264
75.28
75.296
75.312
75.328
75.344
75.36
75.376
75.392
75.408
75.424
75.44
75.456
75.472
75.488
75.504
75.52
75.536
75.552
75.568
75.584
75.6
75.616
75.632
75.648
75.664
75.68
75.696
75.712
75.728
75.744
75.76
75.776
75.792
75.808
75.824
75.84
75.856
75.872
75.888
75.904
75.92
75.936
75.952
75.968
75.984
76.0
76.016
76.032
76.048
76.064
76.08
76.096
76.112
76.128
76.144
76.16
76.176
76.192
76.208
76.224
76.24
76.256
76.272
76.288
76.304
76.32
76.336
76.352
76.368
76.384
76.4
76.416
76.432
76.448
76.464
76.48
76.496
76.512
76.528
76.544
76.56
76.576
76.592
76.608
76.624
76.64
76.656
76.672
76.688
76.704
76.72
76.736
76.752
76.768
76.784
76.8
76.816
76.832
76.848
76.864
76.88
76.896
76.912
76.928
76.944
76.96
76.976
76.992
77.008
77.024
77.04
77.056
77.072
77.088
77.104
77.12
77.136
77.152
77.168
77.184
77.2
77.216
77.232
77.248
77.264
77.28
77.296
77.312
77.328
77.344
77.36
77.376
77.392
77.408
77.424
77.44
77.456
77.472
77.488
77.504
77.52
77.536
77.552
77.568
77.584
77.6
77.616
77.632
77.648
77.664
77.68
77.696
77.712
77.728
77.744
77.76
77.776
77.792
77.808
77.824
77.84
77.856
77.872
77.888
77.904
77.92
77.936
77.952
77.968
77.984
78.0
78.016
78.032
78.048
78.064
78.08
78.096
78.112
78.128
78.144
78.16
78.176
78.192
78.208
78.224
78.24
78.256
78.272
78.288
78.304
78.32
78.336
78.352
78.368
78.384
78.4
78.416
78.432
78.448
78.464
78.48
78.496
78.512
78.528
78.544
78.56
78.576
78.592
78.608
78.624
78.64
78.656
78.672
78.688
78.704
78.72
78.736
78.752
78.768
78.784
78.8
78.816
78.832
78.848
78.864
78.88
78.896
78.912
78.928
78.944
78.96
78.976
78.992
79.008
79.024
79.04
79.056
79.072
79.088
79.104
79.12
79.136
79.152
79.168
79.184
79.2
79.216
79.232
79.248
79.264
79.28
79.296
79.312
79.328
79.344
79.36
79.376
79.392
79.408
79.424
79.44
79.456
79.472
79.488
79.504
79.52
79.536
79.552
79.568
79.584
79.6
79.616
79.632
79.648
79.664
79.68
79.696
79.712
79.728
79.744
79.76
79.776
79.792
79.808
79.824
79.84
79.856
79.872
79.888
79.904
79.92
79.936
79.952
79.968
79.984
80.0
80.016
80.032
80.048
80.064
80.08
80.096
80.112
80.128
80.144
80.16
80.176
80.192
80.208
80.224
80.24
80.256
80.272
80.288
80.304
80.32
80.336
80.352
80.368
80.384
80.4
80.416
80.432
80.448
80.464
80.48
80.496
80.512
80.528
80.544
80.56
80.576
80.592
80.608
80.624
80.64
80.656
80.672
80.688
80.704
80.72
80.736
80.752
80.768
80.784
80.8
80.816
80.832
80.848
80.864
80.88
80.896
80.912
80.928
80.944
80.96
80.976
80.992
81.008
81.024
81.04
81.056
81.072
81.088
81.104
81.12
81.136
81.152
81.168
81.184
81.2
81.216
81.232
81.248
81.264
81.28
81.296
81.312
81.328
81.344
81.36
81.376
81.392
81.408
81.424
81.44
81.456
81.472
81.488
81.504
81.52
81.536
81.552
81.568
81.584
81.6
81.616
81.632
81.648
81.664
81.68
81.696
81.712
81.728
81.744
81.76
81.776
81.792
81.808
81.824
81.84
81.856
81.872
81.888
81.904
81.92
81.936
81.952
81.968
81.984
82.0
82.016
82.032
82.048
82.064
82.08
82.096
82.112
82.128
82.144
82.16
82.176
82.192
82.208
82.224
82.24
82.256
82.272
82.288
82.304
82.32
82.336
82.352
82.368
82.384
82.4
82.416
82.432
82.448
82.464
82.48
82.496
82.512
82.528
82.544
82.56
82.576
82.592
82.608
82.624
82.64
82.656
82.672
82.688
82.704
82.72
82.736
82.752
82.768
82.784
82.8
82.816
82.832
82.848
82.864
82.88
82.896
82.912
82.928
82.944
82.96
82.976
82.992
83.008
83.024
83.04
83.056
83.072
83.088
83.104
83.12
83.136
83.152
83.168
83.184
83.2
83.216
83.232
83.248
83.264
83.28
83.296
83.312
83.328
83.344
83.36
83.376
83.392
83.408
83.424
83.44
83.456
83.472
83.488
83.504
83.52
83.536
83.552
83.568
83.584
83.6
83.616
83.632
83.648
83.664
83.68
83.696
83.712
83.728
83.744
83.76
83.776
83.792
83.808
83.824
83.84
83.856
83.872
83.888
83.904
83.92
83.936
83.952
83.968
83.984
84.0
84.016
84.032
84.048
84.064
84.08
84.096
84.112
84.128
84.144
84.16
84.176
84.192
84.208
84.224
84.24
84.256
84.272
84.288
84.304
84.32
84.336
84.352
84.368
84.384
84.4
84.416
84.432
84.448
84.464
84.48
84.496
84.512
84.528
84.544
84.56
84.576
84.592
84.608
84.624
84.64
84.656
84.672
84.688
84.704
84.72
84.736
84.752
84.768
84.784
84.8
84.816
84.832
84.848
84.864
84.88
84.896
84.912
84.928
84.944
84.96
84.976
84.992
85.008
85.024
85.04
85.056
85.072
85.088
85.104
85.12
85.136
85.152
85.168
85.184
85.2
85.216
85.232
85.248
85.264
85.28
85.296
85.312
85.328
85.344
85.36
85.376
85.392
85.408
85.424
85.44
85.456
85.472
85.488
85.504
85.52
85.536
85.552
85.568
85.584
85.6
85.616
85.632
85.648
85.664
85.68
85.696
85.712
85.728
85.744
85.76
85.776
85.792
85.808
85.824
85.84
85.856
85.872
85.888
85.904
85.92
85.936
85.952
85.968
85.984
86.0
86.016
86.032
86.048
86.064
86.08
86.096
86.112
86.128
86.144
86.16
86.176
86.192
86.208
86.224
86.24
86.256
86.272
86.288
86.304
86.32
86.336
86.352
86.368
86.384
86.4
86.416
86.432
86.448
86.464
86.48
86.496
86.512
86.528
86.544
86.56
86.576
86.592
86.608
86.624
86.64
86.656
86.672
86.688
86.704
86.72
86.736
86.752
86.768
86.784
86.8
86.816
86.832
86.848
86.864
86.88
86.896
86.912
86.928
86.944
86.96
86.976
86.992
87.008
87.024
87.04
87.056
87.072
87.088
87.104
87.12
87.136
87.152
87.168
87.184
87.2
87.216
87.232
87.248
87.264
87.28
87.296
87.312
87.328
87.344
87.36
87.376
87.392	233.08188075904496	277.1826309768721
87.408	277.1826309768721
87.424
87.44
87.456
87.472
87.488
87.504
87.52
87.536
87.552
87.568
87.584
87.6
87.616
87.632
87.648
87.664
87.68
87.696
87.712
87.728
87.744
87.76
87.776
87.792
87.808
87.824
87.84
87.856
87.872
87.888
87.904
87.92
87.936
87.952
87.968
87.984
88.0
88.016
88.032
88.048
88.064
88.08
88.096
88.112
88.128
88.144
88.16
88.176
88.192
88.208
88.224
88.24
88.256
88.272
88.288
88.304
88.32
88.336
88.352
88.368
88.384
88.4
88.416
88.432
88.448
88.464
88.48
88.496
88.512
88.528
88.544
88.56
88.576
88.592
88.608
88.624
88.64
88.656
88.672
88.688
88.704
88.72
88.736
88.752
88.768
88.784
88.8
88.816
88.832
88.848
88.864
88.88
88.896
88.912
88.928
88.944
88.96
88.976
88.992
89.008
89.024
89.04
89.056
89.072
89.088
89.104
89.12
89.136
89.152
89.168
89.184
89.2
89.216
89.232
89.248
89.264
89.28
89.296
89.312
89.328
89.344
89.36
89.376
89.392
89.408
89.424
89.44
89.456
89.472
89.488
89.504
89.52
89.536
89.552
89.568
89.584
89.6
89.616
89.632
89.648
89.664
89.68
89.696
89.712
89.728
89.744
89.76
89.776
89.792
89.808
89.824
89.84
89.856
89.872
89.888
89.904
89.92
89.936
89.952
89.968
89.984
90.0
90.016
90.032
90.048
90.064
90.08
90.096
90.112
90.128
90.144
90.16
90.176
90.192
90.208
90.224
90.24
90.256
90.272
90.288
90.304
90.32
90.336
90.352
90.368
90.384
90.4
90.416
90.432
90.448
90.464
90.48
90.496
90.512
90.528
90.544
90.56
90.576
90.592
90.608
90.624
90.64
90.656
90.672
90.688
90.704
90.72
90.736
90.752
90.768
90.784
90.8
90.816
90.832
90.848
90.864
90.88
90.896
90.912
90.928
90.944
90.96
90.976
90.992
91.008
91.024
91.04
91.056
91.072
91.088
91.104
91.12
91.136
91.152
91.168
91.184
91.2
91.216
91.232
91.248
91.264
91.28
91.296
91.312
91.328
91.344
91.36
91.376
91.392
91.408
91.424
91.44
91.456
91.472
91.488
91.504
91.52
91.536
91.552
91.568
91.584
91.6
91.616
91.632
91.648
91.664
91.68
91.696
91.712
91.728
91.744
91.76
91.776
91.792
91.808
91.824
91.84
91.856
91.872
91.888
91.904
91.92
91.936
91.952
91.968
91.984
92.0
92.016
92.032
92.048
92.064
92.08
92.096
92.112
92.128
92.144
92.16	116.54094037952248	233.08188075904496
92.176	116.54094037952248	174.61411571650194	233.08188075904496
92.192	116.54094037952248	174.61411571650194	233.08188075904496
92.208	116.54094037952248	174.61411571650194	233.08188075904496
92.224	116.54094037952248	174.61411571650194	233.08188075904496
92.24	116.54094037952248
92.256	116.54094037952248
92.272	116.54094037952248
92.288	116.54094037952248	174.61411571650194	233.08188075904496
92.304	116.54094037952248	233.08188075904496
92.32	116.54094037952248	233.08188075904496
92.336	116.54094037952248	174.61411571650194	233.08188075904496
92.352	116.54094037952248	174.61411571650194	233.08188075904496
92.368	116.54094037952248	233.08188075904496
92.384	116.54094037952248	233.08188075904496
92.4	116.54094037952248	233.08188075904496
92.416	116.54094037952248
92.432	116.54094037952248	174.61411571650194	233.08188075904496
92.448	116.54094037952248	174.61411571650194	233.08188075904496
92.464	77.78174593052023	116.54094037952248	174.61411571650194	233.08188075904496
92.48	116.54094037952248	174.61411571650194	233.08188075904496
92.496	116.54094037952248	174.61411571650194	233.08188075904496
92.512	116.54094037952248	174.61411571650194	233.08188075904496
92.528	77.78174593052023	116.54094037952248	174.61411571650194	184.9972113558172	233.08188075904496
92.544	77.78174593052023	116.54094037952248	174.61411571650194	184.9972113558172	233.08188075904496
92.56	116.54094037952248	174.61411571650194	233.08188075904496
92.576	116.54094037952248	174.61411571650194	233.08188075904496
92.592	116.54094037952248	174.61411571650194	233.08188075904496
92.608	116.54094037952248	174.61411571650194	233.08188075904496
92.624	116.54094037952248	174.61411571650194	233.08188075904496
92.64	77.78174593052023	116.54094037952248	174.61411571650194	184.9972113558172	233.08188075904496
92.656	77.78174593052023	116.54094037952248	174.61411571650194	184.9972113558172	233.08188075904496
92.672	116.54094037952248	174.61411571650194	233.08188075904496
92.688	116.54094037952248	174.61411571650194	233.08188075904496
92.704	77.78174593052023	116.54094037952248	174.61411571650194	184.9972113558172	233.08188075904496
92.72	77.78174593052023	116.54094037952248	174.61411571650194	184.9972113558172	233.08188075904496
92.736	77.78174593052023	116.54094037952248	174.61411571650194	184.9972113558172	233.08188075904496
92.752	116.54094037952248	174.61411571650194	233.08188075904496
92.768	116.54094037952248	174.61411571650194	233.08188075904496
92.784	116.54094037952248	174.61411571650194	233.08188075904496
92.8	116.54094037952248	233.08188075904496
92.816
92.832
92.848
92.864
92.88
92.896
92.912
92.928
92.944	116.54094037952248
92.96	116.54094037952248	233.08188075904496
92.976	116.54094037952248	233.08188075904496
92.992	116.54094037952248	233.08188075904496
93.008	116.54094037952248	233.08188075904496
93.024	116.54094037952248	233.08188075904496
93.04	116.54094037952248	174.61411571650194	233.08188075904496
93.056	116.54094037952248	174.61411571650194	233.08188075904496
93.072	116.54094037952248	174.61411571650194	233.08188075904496
93.088	116.54094037952248	174.61411571650194	233.08188075904496
93.104	116.54094037952248	174.61411571650194	233.08188075904496
93.12	116.54094037952248	174.61411571650194	233.08188075904496
93.136	116.54094037952248	174.61411571650194	233.08188075904496
93.152	116.54094037952248	174.61411571650194	233.08188075904496
93.168	116.54094037952248	174.61411571650194	233.08188075904496
93.184	116.54094037952248	174.61411571650194	233.08188075904496
93.2	116.54094037952248	174.61411571650194	233.08188075904496
93.216	116.54094037952248	174.61411571650194	233.08188075904496
93.232	116.54094037952248	174.61411571650194	233.08188075904496
93.248	116.54094037952248	174.61411571650194	233.08188075904496
93.264	116.54094037952248	174.61411571650194	233.08188075904496
93.28	116.54094037952248	174.61411571650194	233.08188075904496
93.296	116.54094037952248	174.61411571650194	233.08188075904496
93.312	116.54094037952248	174.61411571650194	233.08188075904496
93.328	77.78174593052023	116.54094037952248	174.61411571650194	184.9972113558172	233.08188075904496
93.344	77.78174593052023	116.54094037952248	174.61411571650194	184.9972113558172	233.08188075904496
93.36	116.54094037952248	174.61411571650194	184.9972113558172	233.08188075904496
93.376	116.54094037952248	174.61411571650194	233.08188075904496
93.392	116.54094037952248	174.61411571650194	184.9972113558172	233.08188075904496
93.408	77.78174593052023	116.54094037952248	174.61411571650194	184.9972113558172	233.08188075904496
93.424	77.78174593052023	116.54094037952248	174.61411571650194	184.9972113558172	233.08188075904496	349.2282314330039
93.44	77.78174593052023	116.54094037952248	174.61411571650194	184.9972113558172	233.08188075904496
93.456	116.54094037952248	174.61411571650194	233.08188075904496
93.472	116.54094037952248	174.61411571650194	233.08188075904496
93.488	116.54094037952248	174.61411571650194	233.08188075904496
93.504	116.54094037952248
93.52	116.54094037952248	233.08188075904496
93.536	116.54094037952248	233.08188075904496
93.552	116.54094037952248
93.568	116.54094037952248	233.08188075904496
93.584	116.54094037952248	174.61411571650194	233.08188075904496
93.6	116.54094037952248	174.61411571650194	233.08188075904496
93.616	116.54094037952248	174.61411571650194	233.08188075904496
93.632	116.54094037952248	233.08188075904496
93.648	116.54094037952248	233.08188075904496
93.664	116.54094037952248	174.61411571650194	233.08188075904496
93.68	116.54094037952248	174.61411571650194	233.08188075904496
93.696	116.54094037952248	174.61411571650194	233.08188075904496
93.712	116.54094037952248	174.61411571650194	233.08188075904496
93.728	116.54094037952248	174.61411571650194	233.08188075904496
93.744	116.54094037952248
93.76	116.54094037952248	233.08188075904496
93.776	116.54094037952248	174.61411571650194	233.08188075904496
93.792	116.54094037952248	174.61411571650194	233.08188075904496
93.808	116.54094037952248	174.61411571650194	233.08188075904496
93.824	116.54094037952248	174.61411571650194	233.08188075904496
93.84	116.54094037952248	174.61411571650194	233.08188075904496
93.856	116.54094037952248	174.61411571650194	233.08188075904496
93.872	116.54094037952248	174.61411571650194	233.08188075904496
93.888	77.78174593052023	116.54094037952248	174.61411571650194	233.08188075904496
93.904	77.78174593052023	116.54094037952248	174.61411571650194	184.9972113558172	233.08188075904496
93.92	77.78174593052023	116.54094037952248	174.61411571650194	184.9972113558172	233.08188075904496
93.936	77.78174593052023	116.54094037952248	174.61411571650194	184.9972113558172	233.08188075904496
93.952	116.54094037952248	174.61411571650194	233.08188075904496
93.968	77.78174593052023	116.54094037952248	174.61411571650194	233.08188075904496
93.984	77.78174593052023	116.54094037952248	174.61411571650194	184.9972113558172	233.08188075904496
94.0	77.78174593052023	116.54094037952248	174.61411571650194	184.9972113558172	233.08188075904496
94.016	77.78174593052023	116.54094037952248	174.61411571650194	184.9972113558172	233.08188075904496
94.032	77.78174593052023	116.54094037952248	174.61411571650194	184.9972113558172	233.08188075904496
94.048	77.78174593052023	116.54094037952248	174.61411571650194	184.9972113558172	233.08188075904496
94.064	77.78174593052023	116.54094037952248	174.61411571650194	184.9972113558172	233.08188075904496
94.08	77.78174593052023	116.54094037952248	174.61411571650194	184.9972113558172	233.08188075904496
94.096	77.78174593052023	116.54094037952248	174.61411571650194	184.9972113558172	233.08188075904496
94.112	77.78174593052023	116.54094037952248	174.61411571650194	184.9972113558172	233.08188075904496
94.128	116.54094037952248	174.61411571650194	233.08188075904496
94.144	77.78174593052023	116.54094037952248	174.61411571650194	184.9972113558172	233.08188075904496
94.16	77.78174593052023	116.54094037952248	174.61411571650194	184.9972113558172	233.08188075904496
94.176	77.78174593052023	116.54094037952248	174.61411571650194	184.9972113558172	233.08188075904496
94.192	77.78174593052023	116.54094037952248	174.61411571650194	233.08188075904496
94.208
94.224
94.24
94.256
94.272
94.288
94.304
94.32
94.336
94.352
94.368
94.384
94.4
94.416
94.432
94.448
94.464
94.48
94.496
94.512
94.528
94.544
94.56
94.576
94.592
94.608
94.624
94.64
94.656
94.672
94.688
94.704
94.72
94.736
94.752
94.768
94.784
94.8
94.816
94.832
94.848
94.864
94.88
94.896
94.912
94.928
94.944
94.96
94.976
94.992
95.008
95.024
95.04	116.54094037952248
95.056	116.54094037952248
95.072	116.54094037952248
95.088
95.104
95.12
95.136
95.152
95.168
95.184
95.2
95.216
95.232
95.248
95.264
95.28
95.296
95.312
95.328
95.344
95.36
95.376
95.392
95.408
95.424
95.44
95.456
95.472
95.488	116.54094037952248
95.504
95.52
95.536
95.552
95.568
95.584
95.6
95.616
95.632
95.648
95.664
95.68
95.696
95.712
95.728
95.744
95.76
95.776
95.792
95.808
95.824
95.84
95.856
95.872
95.888
95.904
95.92
95.936
95.952
95.968
95.984
96.0
96.016
96.032
96.048
96.064
96.08
96.096
96.112
96.128
96.144
96.16
96.176
96.192
96.208
96.224
96.24
96.256
96.272
96.288
96.304
96.32
96.336
96.352
96.368
96.384
96.4
96.416
96.432
96.448
96.464
96.48
96.496
96.512
96.528
96.544
96.56
96.576
96.592
96.608
96.624
96.64
96.656
96.672
96.688
96.704
96.72
96.736
96.752
96.768
96.784
96.8
96.816
96.832
96.848
96.864
96.88
96.896
96.912
96.928
96.944
96.96
96.976
96.992
97.008
97.024
97.04
97.056
97.072
97.088
97.104
97.12
97.136
97.152
97.168
97.184
97.2
97.216
97.232
97.248
97.264
97.28
97.296
97.312
97.328
97.344
97.36
97.376
97.392
97.408
97.424
97.44
97.456
97.472
97.488
97.504
97.52
97.536
97.552
97.568
97.584
97.6
97.616
97.632
97.648
97.664
97.68
97.696
97.712
97.728
97.744
97.76
97.776
97.792
97.808
97.824
97.84
97.856
97.872
97.888
97.904
97.92
97.936
97.952
97.968
97.984
98.0
98.016
98.032
98.048
98.064
98.08
98.096
98.112
98.128
98.144
98.16
98.176
98.192
98.208
98.224
98.24
98.256
98.272
98.288
98.304
98.32
98.336
98.352
98.368
98.384
98.4
98.416
98.432
98.448
98.464
98.48
98.496
98.512
98.528
98.544
98.56
98.576
98.592
98.608
98.624
98.64
98.656
98.672
98.688
98.704
98.72
98.736
98.752
98.768
98.784
98.8
98.816
98.832
98.848
98.864
98.88
98.896
98.912
98.928
98.944
98.96
98.976
98.992
99.008
99.024
99.04
99.056
99.072
99.088
99.104
99.12
99.136
99.152
99.168
99.184
99.2
99.216
99.232
99.248
99.264
99.28
99.296
99.312
99.328
99.344
99.36
99.376
99.392
99.408
99.424
99.44
99.456
99.472
99.488
99.504
99.52
99.536
99.552
99.568
99.584
99.6
99.616
99.632
99.648
99.664
99.68
99.696
99.712
99.728
99.744
99.76
99.776
99.792
99.808
99.824
99.84
99.856
99.872
99.888
99.904
99.92
99.936
99.952
99.968
99.984
100.0
100.016
100.032
100.048
100.064
100.08
100.096
100.112
100.128
100.144
100.16
100.176
100.192
100.208
100.224
100.24
100.256
100.272
100.288
100.304
100.32
100.336
100.352
100.368
100.384
100.4
100.416
100.432
100.448
100.464
100.48
100.496
100.512
100.528
100.544
100.56
100.576
100.592
100.608
100.624
100.64
100.656
100.672
100.688
100.704
100.72
100.736
100.752
100.768
100.784
100.8
100.816
100.832
100.848
100.864
100.88
100.896
100.912
100.928
100.944
100.96
100.976
100.992
101.008
101.024
101.04
101.056
101.072
101.088
101.104
101.12
101.136
101.152
101.168
101.184
101.2
101.216
101.232
101.248
101.264
101.28
101.296
101.312
101.328
101.344
101.36
101.376
101.392
101.408
101.424
101.44
101.456
101.472
101.488
101.504
101.52
101.536
101.552
101.568
101.584
101.6
101.616
101.632
101.648
101.664
101.68
101.696
101.712
101.728
101.744
101.76
101.776
101.792
101.808
101.824
101.84
101.856
101.872
101.888
101.904
101.92
101.936
101.952
101.968
101.984
102.0
102.016
102.032
102.048
102.064
102.08
102.096
102.112
102.128
102.144
102.16
102.176
102.192
102.208
102.224
102.24
102.256
102.272
102.288
