0.0
0.016
0.032
0.048	73.41619197935188
0.064	73.41619197935188
0.08
0.096
0.112	73.41619197935188
0.128	73.41619197935188
0.144	73.41619197935188
0.16
0.176
0.192
0.208
0.224
0.24	73.41619197935188
0.256	73.41619197935188
0.272
0.288
0.304
0.32
0.336
0.352
0.368
0.384
0.4
0.416
0.432	65.40639132514966	130.8127826502993
0.448	65.40639132514966
0.464	65.40639132514966
0.48	65.40639132514966
0.496	65.40639132514966	130.8127826502993
0.512
0.528
0.544
0.56
0.576	65.40639132514966
0.592	65.40639132514966
0.608	65.40639132514966
0.624	65.40639132514966
0.64	65.40639132514966
0.656	65.40639132514966
0.672	65.40639132514966
0.688	65.40639132514966
0.704
0.72
0.736	65.40639132514966
0.752
0.768
0.784
0.8	65.40639132514966	73.41619197935188
0.816	73.41619197935188
0.832	73.41619197935188
0.848	73.41619197935188
0.864
0.88
0.896
0.912
0.928	73.41619197935188
0.944	73.41619197935188
0.96	73.41619197935188
0.976	73.41619197935188
0.992	73.41619197935188
1.008	73.41619197935188
1.024
1.04
1.056
1.072
1.088	73.41619197935188
1.104	73.41619197935188
1.12
1.136	73.41619197935188
1.152	73.41619197935188
1.168	73.41619197935188
1.184
1.2
1.216
1.232
1.248
1.264	73.41619197935188
1.28	73.41619197935188
1.296	73.41619197935188
1.312	73.41619197935188
1.328	73.41619197935188
1.344	73.41619197935188
1.36
1.376
1.392
1.408
1.424
1.44	65.40639132514966	97.99885899543733
1.456	65.40639132514966	97.99885899543733
1.472	65.40639132514966	97.99885899543733
1.488	65.40639132514966	97.99885899543733
1.504	97.99885899543733
1.52	97.99885899543733
1.536
1.552
1.568
1.584	97.99885899543733
1.6
1.616
1.632
1.648
1.664
1.68
1.696
1.712
1.728
1.744
1.76
1.776
1.792
1.808
1.824
1.84
1.856
1.872
