0.0
0.016
0.032
0.048	73.41619197935188
0.064	73.41619197935188
0.08	73.41619197935188
0.096	73.41619197935188
0.112	73.41619197935188
0.128	73.41619197935188	92.4986056779086
0.144
0.16
0.176
0.192
0.208
0.224
0.24
0.256	73.41619197935188
0.272
0.288
0.304
0.32	73.41619197935188	92.4986056779086
0.336	73.41619197935188
0.352
0.368
0.384
0.4
0.416
0.432
0.448
0.464
0.48
0.496	73.41619197935188
0.512	73.41619197935188
0.528
0.544
0.56
0.576
0.592
0.608
0.624
0.64	73.41619197935188
0.656	73.41619197935188
0.672	73.41619197935188
0.688	73.41619197935188
0.704	73.41619197935188	92.4986056779086
0.72	73.41619197935188	92.4986056779086
0.736	73.41619197935188	92.4986056779086
0.752
0.768
0.784
0.8
0.816
0.832
0.848
0.864
0.88
0.896
0.912
0.928
0.944
0.96
0.976
0.992
1.008
1.024
1.04
1.056	73.41619197935188
1.072	73.41619197935188
1.088	65.40639132514966	73.41619197935188	92.4986056779086
1.104	65.40639132514966	73.41619197935188
1.12	73.41619197935188
1.136	73.41619197935188
1.152	73.41619197935188
1.168	73.41619197935188
1.184
1.2
1.216
1.232
1.248
1.264	92.4986056779086
1.28	73.41619197935188
1.296	73.41619197935188
1.312
1.328
1.344
1.36
1.376	73.41619197935188
1.392	73.41619197935188
1.408	65.40639132514966	73.41619197935188
1.424	73.41619197935188
1.44	73.41619197935188
1.456	73.41619197935188
1.472	73.41619197935188
1.488	73.41619197935188
1.504
1.52
1.536
1.552	73.41619197935188
1.568	73.41619197935188
1.584	73.41619197935188
1.6	73.41619197935188
1.616	73.41619197935188
1.632
1.648
1.664
1.68	65.40639132514966
1.696	65.40639132514966
1.712	65.40639132514966
1.728	65.40639132514966
1.744	65.40639132514966	130.8127826502993
1.76	65.40639132514966
1.776	65.40639132514966
1.792	65.40639132514966
1.808
1.824
1.84
1.856
1.872	97.99885899543733
1.888	97.99885899543733
1.904	97.99885899543733
1.92	97.99885899543733
1.936	97.99885899543733
1.952	97.99885899543733
1.968	97.99885899543733
