0.0
0.016
0.032
0.048
0.064
0.08
0.096
0.112
0.128
0.144
0.16
0.176
0.192
0.208
0.224
0.24
0.256
0.272
0.288
0.304
0.32
0.336
0.352
0.368
0.384
0.4
0.416
0.432
0.448
0.464
0.48
0.496
0.512
0.528
0.544
0.56
0.576
0.592
0.608
0.624
0.64
0.656
0.672
0.688
0.704
0.72
0.736
0.752
0.768
0.784
0.8
0.816
0.832
0.848
0.864
0.88
0.896
0.912
0.928
0.944
0.96
0.976
0.992
1.008
1.024
1.04
1.056
1.072
1.088
1.104
1.12
1.136
1.152
1.168
1.184
1.2
1.216
1.232
1.248
1.264
1.28
1.296
1.312
1.328
1.344
1.36
1.376
1.392
1.408
1.424
1.44
1.456
1.472
1.488
1.504
1.52
1.536
1.552
1.568
1.584
1.6
1.616
1.632
1.648
1.664
1.68
1.696
1.712
1.728
1.744
1.76
1.776
1.792
1.808
1.824
1.84
1.856
1.872
1.888
1.904
1.92
1.936
1.952
1.968
1.984
2.0
2.016
2.032
2.048
2.064
2.08
2.096
2.112
2.128
2.144
2.16	73.41619197935188
2.176	73.41619197935188
2.192	73.41619197935188
2.208
2.224
2.24
2.256
2.272	73.41619197935188
2.288	73.41619197935188
2.304	73.41619197935188
2.32	73.41619197935188
2.336	73.41619197935188
2.352	73.41619197935188
2.368	73.41619197935188
2.384
2.4
2.416
2.432
2.448
2.464	73.41619197935188
2.48	65.40639132514966	73.41619197935188
2.496	65.40639132514966	73.41619197935188	92.4986056779086
2.512	73.41619197935188	92.4986056779086
2.528	65.40639132514966	73.41619197935188	92.4986056779086
2.544	65.40639132514966	73.41619197935188	92.4986056779086
2.56	73.41619197935188
2.576
2.592
2.608
2.624	73.41619197935188
2.64	73.41619197935188	92.4986056779086
2.656	73.41619197935188	92.4986056779086
2.672	73.41619197935188	92.4986056779086
2.688	92.4986056779086
2.704	73.41619197935188	92.4986056779086
2.72	73.41619197935188	92.4986056779086
2.736
2.752
2.768
2.784
2.8
2.816	73.41619197935188
2.832	73.41619197935188
2.848	73.41619197935188
2.864	73.41619197935188
2.88	73.41619197935188
2.896	73.41619197935188
2.912	73.41619197935188
2.928	73.41619197935188
2.944
2.96
2.976
2.992	65.40639132514966
3.008	65.40639132514966
3.024	65.40639132514966
3.04	65.40639132514966
3.056	65.40639132514966
3.072	65.40639132514966
3.088	65.40639132514966
3.104	65.40639132514966
3.12
3.136
3.152
3.168
3.184
3.2
3.216	73.41619197935188
3.232	73.41619197935188
3.248	73.41619197935188
3.264	73.41619197935188
3.28	73.41619197935188
3.296	73.41619197935188
3.312
3.328
3.344
3.36	65.40639132514966
3.376	65.40639132514966
3.392	65.40639132514966
3.408	65.40639132514966
3.424	65.40639132514966
3.44	65.40639132514966
3.456	65.40639132514966
3.472	65.40639132514966
3.488	65.40639132514966
3.504	65.40639132514966
3.52
3.536
3.552
3.568	73.41619197935188
3.584	73.41619197935188
3.6
3.616
3.632
3.648
3.664
3.68	73.41619197935188
3.696
3.712
3.728
3.744	73.41619197935188
3.76	73.41619197935188
3.776	73.41619197935188
3.792	73.41619197935188
3.808	73.41619197935188
3.824	73.41619197935188
3.84	73.41619197935188
3.856	73.41619197935188
3.872	73.41619197935188
3.888
3.904
3.92
3.936
3.952	65.40639132514966
3.968	65.40639132514966
3.984	65.40639132514966
4.0	65.40639132514966
4.016	65.40639132514966
4.032	65.40639132514966
4.048	65.40639132514966
4.064
4.08
4.096
4.112
4.128	73.41619197935188	92.4986056779086
4.144	73.41619197935188	92.4986056779086
4.16	73.41619197935188	92.4986056779086
4.176	73.41619197935188	92.4986056779086
4.192	73.41619197935188	92.4986056779086
4.208	92.4986056779086
4.224	92.4986056779086
4.24
4.256
4.272
4.288	73.41619197935188
4.304	73.41619197935188
4.32	73.41619197935188
4.336	73.41619197935188
4.352	73.41619197935188
4.368	73.41619197935188
4.384	73.41619197935188
4.4	73.41619197935188
4.416
4.432
4.448
4.464
4.48
4.496
4.512
4.528
4.544
4.56
4.576
4.592
4.608
4.624
4.64	73.41619197935188
4.656	73.41619197935188
4.672	73.41619197935188
4.688	73.41619197935188
4.704	73.41619197935188	92.4986056779086
4.72	73.41619197935188
4.736	73.41619197935188
4.752	73.41619197935188
4.768
4.784
4.8	65.40639132514966
4.816	65.40639132514966
4.832	65.40639132514966	92.4986056779086
4.848	65.40639132514966	92.4986056779086
4.864	65.40639132514966	92.4986056779086
4.88	65.40639132514966	92.4986056779086
4.896	65.40639132514966	92.4986056779086
4.912	65.40639132514966	92.4986056779086
4.928	65.40639132514966	92.4986056779086
4.944
4.96
4.976
4.992
5.008
5.024
5.04	73.41619197935188
5.056	73.41619197935188
5.072	73.41619197935188
5.088	92.4986056779086
5.104
5.12
5.136
5.152
5.168
5.184
5.2	73.41619197935188
5.216	73.41619197935188
5.232	73.41619197935188	92.4986056779086
5.248	73.41619197935188
5.264	73.41619197935188
5.28	73.41619197935188	92.4986056779086
5.296	73.41619197935188	92.4986056779086
5.312	73.41619197935188	92.4986056779086
5.328
5.344
5.36
5.376	65.40639132514966
5.392	65.40639132514966	92.4986056779086
5.408	65.40639132514966	92.4986056779086
5.424	65.40639132514966	92.4986056779086
5.44	65.40639132514966	92.4986056779086
5.456	65.40639132514966	92.4986056779086
5.472	65.40639132514966	92.4986056779086
5.488	65.40639132514966	92.4986056779086
5.504	65.40639132514966
5.52
5.536
5.552
5.568
5.584
5.6	92.4986056779086
5.616	92.4986056779086
5.632	92.4986056779086
5.648	92.4986056779086
5.664	92.4986056779086
5.68	92.4986056779086
5.696
5.712
5.728
5.744
5.76
5.776	73.41619197935188	92.4986056779086
5.792	73.41619197935188	92.4986056779086
5.808	73.41619197935188
5.824	73.41619197935188	92.4986056779086
5.84	73.41619197935188
5.856	73.41619197935188
5.872	73.41619197935188
5.888
5.904
5.92
5.936
5.952
5.968
5.984
6.0
6.016
6.032
6.048
6.064
6.08
6.096
6.112
6.128
6.144
6.16
6.176
6.192
6.208
6.224
6.24	73.41619197935188
6.256
6.272
6.288
6.304
6.32
6.336
6.352	65.40639132514966	73.41619197935188	92.4986056779086
6.368	65.40639132514966	92.4986056779086
6.384	65.40639132514966	92.4986056779086
6.4	65.40639132514966	92.4986056779086
6.416	65.40639132514966	92.4986056779086
6.432	65.40639132514966	92.4986056779086
6.448	65.40639132514966	92.4986056779086
6.464	65.40639132514966	92.4986056779086
6.48
6.496
6.512
6.528
6.544
6.56	65.40639132514966
6.576	65.40639132514966
6.592	65.40639132514966
6.608	92.4986056779086
6.624	92.4986056779086
6.64
6.656
6.672
6.688
6.704
6.72	73.41619197935188
6.736	73.41619197935188
6.752	73.41619197935188	92.4986056779086
6.768	73.41619197935188	92.4986056779086
6.784	73.41619197935188	92.4986056779086
6.8	73.41619197935188	92.4986056779086
6.816	73.41619197935188	92.4986056779086
6.832	73.41619197935188
6.848	73.41619197935188
6.864
6.88
6.896
6.912
6.928
6.944	65.40639132514966
6.96	65.40639132514966
6.976	65.40639132514966
6.992	65.40639132514966
7.008	65.40639132514966	92.4986056779086
7.024	65.40639132514966
7.04	65.40639132514966
7.056
7.072
7.088
7.104
7.12
7.136	92.4986056779086
7.152
7.168
7.184	92.4986056779086
7.2	92.4986056779086
7.216
7.232
7.248
7.264
7.28
7.296	73.41619197935188
7.312	73.41619197935188
7.328	73.41619197935188
7.344	73.41619197935188
7.36	73.41619197935188	92.4986056779086
7.376	73.41619197935188	92.4986056779086
7.392	73.41619197935188
7.408
7.424
7.44
7.456
7.472
7.488
7.504
7.52
7.536	92.4986056779086
7.552
7.568
7.584
7.6
7.616
7.632
7.648
7.664	73.41619197935188
7.68	73.41619197935188
7.696	73.41619197935188
7.712	73.41619197935188
7.728	73.41619197935188
7.744	73.41619197935188
7.76	73.41619197935188
7.776
7.792
7.808
7.824	65.40639132514966
7.84	65.40639132514966	73.41619197935188	92.4986056779086
7.856	65.40639132514966	92.4986056779086
7.872	65.40639132514966	92.4986056779086
7.888	65.40639132514966	92.4986056779086
7.904	65.40639132514966	92.4986056779086
7.92	65.40639132514966	92.4986056779086
7.936	65.40639132514966	73.41619197935188	92.4986056779086
7.952	92.4986056779086
7.968
7.984
8.0
8.016
8.032	73.41619197935188
8.048	73.41619197935188	92.4986056779086
8.064	92.4986056779086
8.08	92.4986056779086
8.096	73.41619197935188	92.4986056779086
8.112	73.41619197935188
8.128	92.4986056779086
8.144
8.16
8.176
8.192
8.208	73.41619197935188
8.224	73.41619197935188
8.24	73.41619197935188
8.256	73.41619197935188	92.4986056779086
8.272	73.41619197935188	92.4986056779086
8.288	73.41619197935188	92.4986056779086
8.304	73.41619197935188
8.32	73.41619197935188
8.336
8.352
8.368
8.384
8.4
8.416	65.40639132514966
8.432	65.40639132514966	92.4986056779086
8.448	65.40639132514966
8.464	65.40639132514966	92.4986056779086
8.48	65.40639132514966	92.4986056779086
8.496	65.40639132514966	92.4986056779086
8.512	65.40639132514966	92.4986056779086
8.528	65.40639132514966
8.544
8.56
8.576
8.592
8.608
8.624	92.4986056779086
8.64	92.4986056779086
8.656	92.4986056779086
8.672	92.4986056779086
8.688	92.4986056779086
8.704	92.4986056779086
8.72
8.736
8.752
8.768
8.784
8.8	73.41619197935188
8.816	73.41619197935188	92.4986056779086
8.832	73.41619197935188	92.4986056779086
8.848	73.41619197935188
8.864	73.41619197935188
8.88	73.41619197935188
8.896	73.41619197935188
8.912
8.928
8.944
8.96
8.976
8.992
9.008
9.024
9.04
9.056
9.072
9.088
9.104
9.12
9.136
9.152
9.168
9.184	73.41619197935188
9.2	73.41619197935188
9.216	73.41619197935188
9.232	73.41619197935188
9.248
9.264	73.41619197935188
9.28
9.296
9.312
9.328
9.344	65.40639132514966
9.36	65.40639132514966	92.4986056779086
9.376	65.40639132514966	92.4986056779086
9.392	65.40639132514966	92.4986056779086
9.408	65.40639132514966	92.4986056779086
9.424	65.40639132514966	92.4986056779086
9.44	65.40639132514966	92.4986056779086
9.456	65.40639132514966	92.4986056779086
9.472
9.488
9.504
9.52
9.536
9.552	73.41619197935188
9.568	92.4986056779086
9.584	92.4986056779086
9.6	92.4986056779086
9.616	92.4986056779086
9.632	92.4986056779086
9.648
9.664
9.68
9.696
9.712
9.728	73.41619197935188	92.4986056779086
9.744	73.41619197935188	92.4986056779086
9.76	73.41619197935188	92.4986056779086
9.776	73.41619197935188	92.4986056779086
9.792	73.41619197935188	92.4986056779086
9.808	73.41619197935188	92.4986056779086
9.824	73.41619197935188	92.4986056779086
9.84
9.856
9.872
9.888
9.904
9.92
9.936	65.40639132514966
9.952	65.40639132514966
9.968	65.40639132514966
9.984	65.40639132514966
10.0	65.40639132514966	92.4986056779086
10.016	65.40639132514966
10.032	65.40639132514966	92.4986056779086
10.048	65.40639132514966
10.064
10.08
10.096
10.112
10.128
10.144	92.4986056779086
10.16	92.4986056779086
10.176	92.4986056779086
10.192	92.4986056779086
10.208	92.4986056779086
10.224
10.24
10.256
10.272
10.288
10.304	73.41619197935188
10.32	73.41619197935188
10.336	73.41619197935188
10.352	73.41619197935188
10.368	73.41619197935188
10.384	73.41619197935188
10.4	73.41619197935188
10.416
10.432
10.448
10.464
10.48
10.496
10.512
10.528
10.544
10.56
10.576
10.592
10.608
10.624
10.64
10.656
10.672	73.41619197935188
10.688	73.41619197935188
10.704	73.41619197935188
10.72	73.41619197935188
10.736	73.41619197935188
10.752	73.41619197935188
10.768	73.41619197935188
10.784
10.8
10.816
10.832	65.40639132514966
10.848	65.40639132514966	92.4986056779086
10.864	65.40639132514966	92.4986056779086
10.88	65.40639132514966	92.4986056779086
10.896	65.40639132514966	92.4986056779086
10.912	65.40639132514966	92.4986056779086
10.928	65.40639132514966	92.4986056779086
10.944	65.40639132514966	92.4986056779086
10.96	65.40639132514966	92.4986056779086
10.976
10.992
11.008
11.024
11.04
11.056	65.40639132514966	92.4986056779086
11.072	65.40639132514966	92.4986056779086
11.088	92.4986056779086
11.104	73.41619197935188	92.4986056779086
11.12	73.41619197935188	92.4986056779086
11.136	73.41619197935188
11.152	73.41619197935188
11.168
11.184
11.2
11.216	73.41619197935188
11.232	73.41619197935188
11.248	73.41619197935188	92.4986056779086
11.264	73.41619197935188
11.28	73.41619197935188	92.4986056779086
11.296	73.41619197935188	92.4986056779086
11.312	73.41619197935188
11.328	73.41619197935188
11.344
11.36
11.376
11.392
11.408	65.40639132514966
11.424	65.40639132514966
11.44	65.40639132514966
11.456	65.40639132514966
11.472	65.40639132514966	92.4986056779086
11.488	65.40639132514966	92.4986056779086
11.504	65.40639132514966	92.4986056779086
11.52	65.40639132514966
11.536
11.552
11.568
11.584
11.6
11.616	92.4986056779086
11.632	92.4986056779086
11.648
11.664
11.68	92.4986056779086
11.696	92.4986056779086
11.712
11.728
11.744
11.76
11.776
11.792	73.41619197935188
11.808	73.41619197935188
11.824	73.41619197935188
11.84	73.41619197935188
11.856	73.41619197935188
11.872	73.41619197935188
11.888	73.41619197935188
11.904
11.92
11.936
11.952
11.968
11.984
12.0
12.016
12.032
12.048
12.064	92.4986056779086
12.08
12.096
12.112
12.128
12.144
12.16
12.176
12.192	73.41619197935188
12.208	73.41619197935188
12.224	73.41619197935188
12.24	73.41619197935188
12.256
12.272	73.41619197935188
12.288
12.304
12.32
12.336
12.352	65.40639132514966	92.4986056779086
12.368	65.40639132514966	92.4986056779086
12.384	65.40639132514966	92.4986056779086
12.4	65.40639132514966	92.4986056779086
12.416	65.40639132514966
12.432	65.40639132514966	92.4986056779086
12.448	65.40639132514966	92.4986056779086
12.464	65.40639132514966
12.48
12.496
12.512
12.528
12.544	65.40639132514966
12.56	65.40639132514966
12.576	65.40639132514966
12.592
12.608	92.4986056779086
12.624	73.41619197935188
12.64
12.656
12.672
12.688
12.704
12.72	73.41619197935188
12.736	73.41619197935188	92.4986056779086
12.752	73.41619197935188	92.4986056779086
12.768	73.41619197935188
12.784	73.41619197935188
12.8	73.41619197935188	92.4986056779086
12.816	73.41619197935188	92.4986056779086
12.832	73.41619197935188
12.848
12.864
12.88
12.896
12.912	65.40639132514966
12.928	65.40639132514966
12.944	65.40639132514966	92.4986056779086
12.96	65.40639132514966
12.976	65.40639132514966
12.992	65.40639132514966
13.008	65.40639132514966
13.024	65.40639132514966
13.04
13.056
13.072
13.088
13.104
13.12	92.4986056779086
13.136
13.152
13.168	92.4986056779086
13.184
13.2	92.4986056779086
13.216
13.232
13.248
13.264
13.28
13.296	73.41619197935188
13.312	73.41619197935188	92.4986056779086
13.328	73.41619197935188	92.4986056779086
13.344	73.41619197935188
13.36	73.41619197935188	92.4986056779086
13.376	73.41619197935188
13.392	73.41619197935188	92.4986056779086
13.408
13.424
13.44
13.456
13.472
13.488
13.504
13.52
13.536
13.552
13.568
13.584
13.6
13.616
13.632
13.648
13.664	73.41619197935188
13.68	73.41619197935188
13.696	73.41619197935188
13.712	73.41619197935188
13.728
13.744	73.41619197935188
13.76	73.41619197935188
13.776
13.792
13.808
13.824
13.84	73.41619197935188
13.856	73.41619197935188
13.872	73.41619197935188	92.4986056779086
13.888	73.41619197935188	92.4986056779086
13.904	73.41619197935188	92.4986056779086
13.92	73.41619197935188
13.936	73.41619197935188	92.4986056779086
13.952	73.41619197935188
13.968
13.984
14.0
14.016
14.032	73.41619197935188
14.048	73.41619197935188
14.064	73.41619197935188
14.08
14.096	92.4986056779086
14.112	73.41619197935188
14.128	73.41619197935188
14.144
14.16
14.176
14.192
14.208
14.224	73.41619197935188
14.24	73.41619197935188	92.4986056779086
14.256	73.41619197935188	92.4986056779086
14.272	73.41619197935188	92.4986056779086
14.288	73.41619197935188	92.4986056779086
14.304	73.41619197935188	92.4986056779086
14.32	73.41619197935188	92.4986056779086
14.336
14.352
14.368
14.384
14.4	65.40639132514966
14.416	65.40639132514966
14.432	65.40639132514966
14.448	65.40639132514966	92.4986056779086
14.464	65.40639132514966
14.48	65.40639132514966
14.496	65.40639132514966
14.512	65.40639132514966
14.528	65.40639132514966
14.544
14.56
14.576
14.592
14.608
14.624
14.64
14.656
14.672
14.688
14.704
14.72
14.736
14.752
14.768
14.784	65.40639132514966
14.8	65.40639132514966
14.816	65.40639132514966
14.832	65.40639132514966
14.848	65.40639132514966
14.864	65.40639132514966	73.41619197935188
14.88	65.40639132514966	73.41619197935188
14.896
14.912
14.928
14.944
14.96	65.40639132514966
14.976	65.40639132514966
14.992	65.40639132514966
15.008	65.40639132514966
15.024	65.40639132514966
15.04	65.40639132514966	73.41619197935188
15.056	65.40639132514966	73.41619197935188
15.072	65.40639132514966
15.088
15.104
15.12
15.136
15.152
15.168	73.41619197935188
15.184	73.41619197935188
15.2	73.41619197935188
15.216	73.41619197935188
15.232	73.41619197935188
15.248	73.41619197935188
15.264	73.41619197935188
15.28
15.296
15.312
15.328
15.344
15.36	92.4986056779086
15.376	73.41619197935188	92.4986056779086
15.392
15.408
15.424
15.44	73.41619197935188
15.456
15.472
15.488
15.504
15.52
15.536
15.552	73.41619197935188
15.568	73.41619197935188
15.584	73.41619197935188
15.6	73.41619197935188
15.616	73.41619197935188
15.632	73.41619197935188
15.648	73.41619197935188
15.664
15.68
15.696
15.712	73.41619197935188
15.728	73.41619197935188
15.744	73.41619197935188
15.76	73.41619197935188
15.776	73.41619197935188	92.4986056779086
15.792	73.41619197935188	92.4986056779086
15.808	73.41619197935188
15.824	73.41619197935188
15.84
15.856
15.872
15.888
15.904
15.92	65.40639132514966
15.936	65.40639132514966	92.4986056779086
15.952	65.40639132514966	92.4986056779086
15.968	65.40639132514966	92.4986056779086
15.984	65.40639132514966	92.4986056779086
16.0	65.40639132514966
16.016	65.40639132514966
16.032	65.40639132514966
16.048
16.064
16.08
16.096
16.112
16.128	92.4986056779086
16.144	92.4986056779086
16.16
16.176
16.192
16.208
16.224
16.24
16.256
16.272
16.288	73.41619197935188
16.304	73.41619197935188
16.32	73.41619197935188
16.336	73.41619197935188
16.352	73.41619197935188
16.368	73.41619197935188
16.384	73.41619197935188
16.4
16.416
16.432
16.448
16.464
16.48
16.496
16.512
16.528
16.544
16.56
16.576
16.592
16.608
16.624
16.64
16.656
16.672	73.41619197935188
16.688	73.41619197935188
16.704	73.41619197935188
16.72
16.736	73.41619197935188
16.752	73.41619197935188
16.768
16.784
16.8
16.816
16.832	65.40639132514966
16.848	65.40639132514966	92.4986056779086
16.864	65.40639132514966	92.4986056779086
16.88	65.40639132514966
16.896	65.40639132514966
16.912	65.40639132514966
16.928	65.40639132514966
16.944	65.40639132514966
16.96
16.976
16.992
17.008
17.024
17.04	65.40639132514966
17.056	65.40639132514966
17.072
17.088
17.104	92.4986056779086
17.12	92.4986056779086
17.136
17.152
17.168
17.184
17.2	73.41619197935188
17.216	73.41619197935188
17.232	73.41619197935188	92.4986056779086
17.248	73.41619197935188	92.4986056779086
17.264	73.41619197935188
17.28	73.41619197935188	92.4986056779086
17.296	73.41619197935188	92.4986056779086
17.312	73.41619197935188
17.328	73.41619197935188
17.344
17.36
17.376
17.392
17.408	65.40639132514966
17.424	65.40639132514966	92.4986056779086
17.44	65.40639132514966
17.456	65.40639132514966
17.472	65.40639132514966	92.4986056779086
17.488	65.40639132514966
17.504	65.40639132514966
17.52	65.40639132514966
17.536
17.552
17.568
17.584
17.6
17.616	92.4986056779086
17.632	92.4986056779086
17.648	92.4986056779086
17.664	92.4986056779086
17.68	92.4986056779086
17.696
17.712
17.728
17.744
17.76
17.776	73.41619197935188
17.792	73.41619197935188
17.808	73.41619197935188
17.824	73.41619197935188	92.4986056779086
17.84	73.41619197935188
17.856	73.41619197935188
17.872	73.41619197935188
17.888
17.904
17.92
17.936
17.952
17.968
17.984
18.0
18.016
18.032
18.048
18.064
18.08
18.096
18.112
18.128
18.144
18.16
18.176
18.192
18.208
18.224
18.24
18.256
18.272
18.288
18.304
18.32
18.336	65.40639132514966
18.352	65.40639132514966	92.4986056779086
18.368	65.40639132514966	92.4986056779086
18.384	65.40639132514966	92.4986056779086
18.4	65.40639132514966
18.416	65.40639132514966
18.432	65.40639132514966	92.4986056779086
18.448	65.40639132514966	92.4986056779086
18.464
18.48
18.496
18.512
18.528
18.544	92.4986056779086
18.56	65.40639132514966	92.4986056779086
18.576	92.4986056779086
18.592
18.608	92.4986056779086
18.624	92.4986056779086
18.64
18.656
18.672
18.688
18.704
18.72	73.41619197935188
18.736	73.41619197935188	92.4986056779086
18.752	73.41619197935188	92.4986056779086
18.768	73.41619197935188
18.784	73.41619197935188	92.4986056779086
18.8	73.41619197935188	92.4986056779086
18.816	73.41619197935188
18.832
18.848
18.864
18.88
18.896
18.912	65.40639132514966
18.928	65.40639132514966	92.4986056779086
18.944	65.40639132514966	92.4986056779086
18.96	65.40639132514966	92.4986056779086
18.976	65.40639132514966	92.4986056779086
18.992	65.40639132514966	92.4986056779086
19.008	65.40639132514966	92.4986056779086
19.024
19.04
19.056
19.072
19.088
19.104
19.12	92.4986056779086
19.136	73.41619197935188	92.4986056779086
19.152	92.4986056779086
19.168	92.4986056779086
19.184	92.4986056779086
19.2
19.216
19.232
19.248
19.264
19.28	73.41619197935188
19.296	73.41619197935188
19.312	73.41619197935188	92.4986056779086
19.328	73.41619197935188	92.4986056779086
19.344	73.41619197935188
19.36	73.41619197935188
19.376	73.41619197935188
19.392
19.408
19.424
19.44
19.456
19.472
19.488
19.504
19.52
19.536
19.552
19.568
19.584
19.6
19.616
19.632
19.648
19.664
19.68
19.696
19.712
19.728
19.744
19.76
19.776
19.792
19.808
19.824
19.84	65.40639132514966
19.856	65.40639132514966	92.4986056779086
19.872	65.40639132514966	92.4986056779086
19.888	65.40639132514966	92.4986056779086
19.904	65.40639132514966	92.4986056779086
19.92	65.40639132514966	92.4986056779086
19.936	65.40639132514966	73.41619197935188	92.4986056779086
19.952	65.40639132514966	92.4986056779086
19.968
19.984
20.0
20.016
20.032
20.048
20.064	92.4986056779086
20.08	73.41619197935188
20.096
20.112	73.41619197935188	92.4986056779086
20.128	73.41619197935188	92.4986056779086
20.144
20.16
20.176
20.192
20.208
20.224	73.41619197935188
20.24	73.41619197935188	92.4986056779086
20.256	73.41619197935188	92.4986056779086
20.272	73.41619197935188	92.4986056779086
20.288	73.41619197935188
20.304	73.41619197935188	92.4986056779086
20.32	73.41619197935188
20.336	73.41619197935188
20.352
20.368
20.384
20.4
20.416	65.40639132514966	92.4986056779086
20.432	65.40639132514966	92.4986056779086
20.448	65.40639132514966	92.4986056779086
20.464	65.40639132514966	92.4986056779086
20.48	65.40639132514966
20.496	65.40639132514966
20.512	65.40639132514966
20.528	65.40639132514966
20.544
20.56
20.576
20.592
20.608	73.41619197935188
20.624
20.64
20.656
20.672
20.688	92.4986056779086
20.704	92.4986056779086
20.72
20.736
20.752
20.768
20.784	73.41619197935188
20.8	73.41619197935188	92.4986056779086
20.816	73.41619197935188	92.4986056779086
20.832	73.41619197935188
20.848	73.41619197935188
20.864	73.41619197935188
20.88	73.41619197935188	92.4986056779086
20.896	73.41619197935188
20.912
20.928
20.944
20.96	65.40639132514966
20.976	65.40639132514966
20.992	65.40639132514966
21.008	65.40639132514966
21.024	65.40639132514966
21.04	65.40639132514966
21.056	65.40639132514966
21.072	65.40639132514966
21.088	65.40639132514966
21.104
21.12
21.136
21.152
21.168	73.41619197935188
21.184	73.41619197935188
21.2	73.41619197935188
21.216	73.41619197935188
21.232	73.41619197935188
21.248	73.41619197935188
21.264	73.41619197935188
21.28	73.41619197935188
21.296
21.312
21.328
21.344	65.40639132514966
21.36	65.40639132514966
21.376	65.40639132514966
21.392	65.40639132514966
21.408	65.40639132514966
21.424	65.40639132514966
21.44	65.40639132514966
21.456	65.40639132514966	73.41619197935188
21.472
21.488
21.504
21.52
21.536	73.41619197935188
21.552	73.41619197935188
21.568
21.584
21.6	92.4986056779086
21.616	92.4986056779086
21.632	92.4986056779086
21.648	73.41619197935188	92.4986056779086
21.664
21.68
21.696
21.712	73.41619197935188
21.728	73.41619197935188	92.4986056779086
21.744	73.41619197935188	92.4986056779086
21.76	73.41619197935188	92.4986056779086
21.776	73.41619197935188	92.4986056779086
21.792	73.41619197935188	92.4986056779086
21.808	73.41619197935188	92.4986056779086
21.824	73.41619197935188	92.4986056779086
21.84	73.41619197935188	92.4986056779086
21.856
21.872
21.888
21.904
21.92	65.40639132514966
21.936	65.40639132514966
21.952	65.40639132514966
21.968	65.40639132514966
21.984	65.40639132514966	92.4986056779086
22.0	65.40639132514966
22.016	65.40639132514966	92.4986056779086
22.032	65.40639132514966	92.4986056779086
22.048
22.064
22.08
22.096
22.112	92.4986056779086
22.128	73.41619197935188	92.4986056779086
22.144	92.4986056779086
22.16	92.4986056779086
22.176	92.4986056779086
22.192	92.4986056779086
22.208	92.4986056779086
22.224
22.24
22.256
22.272
22.288
22.304	73.41619197935188
22.32	73.41619197935188
22.336	73.41619197935188
22.352	73.41619197935188
22.368	73.41619197935188
22.384	73.41619197935188
22.4
22.416
22.432
22.448
22.464
22.48
22.496
22.512
22.528
22.544
22.56
22.576
22.592
22.608
22.624
22.64
22.656	73.41619197935188
22.672	73.41619197935188
22.688	73.41619197935188
22.704	73.41619197935188
22.72	73.41619197935188
22.736	73.41619197935188
22.752	73.41619197935188
22.768	73.41619197935188
22.784
22.8
22.816
22.832	65.40639132514966	92.4986056779086
22.848	65.40639132514966	92.4986056779086
22.864	65.40639132514966	92.4986056779086
22.88	65.40639132514966	92.4986056779086
22.896	65.40639132514966	92.4986056779086
22.912	65.40639132514966	92.4986056779086
22.928	65.40639132514966	92.4986056779086
22.944	65.40639132514966	92.4986056779086
22.96
22.976
22.992
23.008
23.024
23.04
23.056
23.072
23.088
23.104	92.4986056779086
23.12	73.41619197935188	92.4986056779086
23.136	73.41619197935188
23.152
23.168
23.184
23.2
23.216	73.41619197935188	92.4986056779086
23.232	73.41619197935188	92.4986056779086
23.248	73.41619197935188	92.4986056779086
23.264	73.41619197935188	92.4986056779086
23.28	73.41619197935188	92.4986056779086
23.296	73.41619197935188	92.4986056779086
23.312	73.41619197935188	92.4986056779086
23.328
23.344
23.36
23.376
23.392	65.40639132514966
23.408	65.40639132514966
23.424	65.40639132514966	92.4986056779086
23.44	65.40639132514966	92.4986056779086
23.456	65.40639132514966
23.472	65.40639132514966
23.488	65.40639132514966
23.504	65.40639132514966	92.4986056779086
23.52
23.536
23.552
23.568
23.584
23.6	92.4986056779086
23.616
23.632
23.648
23.664
23.68
23.696
23.712
23.728
23.744
23.76
23.776	73.41619197935188
23.792	73.41619197935188
23.808	73.41619197935188
23.824	73.41619197935188
23.84	73.41619197935188
23.856	73.41619197935188
23.872	73.41619197935188
23.888	73.41619197935188
23.904
23.92
23.936	65.40639132514966
23.952	65.40639132514966
23.968	65.40639132514966
23.984	65.40639132514966
24.0	65.40639132514966
24.016	65.40639132514966
24.032	65.40639132514966
24.048	65.40639132514966
24.064	65.40639132514966
24.08
24.096
24.112
24.128
24.144	73.41619197935188
24.16	73.41619197935188
24.176	73.41619197935188
24.192	73.41619197935188
24.208	73.41619197935188
24.224	73.41619197935188
24.24	73.41619197935188
24.256	73.41619197935188
24.272
24.288
24.304
24.32	65.40639132514966
24.336	65.40639132514966
24.352	65.40639132514966
24.368	65.40639132514966
24.384	65.40639132514966
24.4	65.40639132514966
24.416	65.40639132514966
24.432	65.40639132514966
24.448	65.40639132514966
24.464
24.48
24.496
24.512
24.528	73.41619197935188
24.544	73.41619197935188	92.4986056779086
24.56	73.41619197935188	92.4986056779086
24.576	92.4986056779086
24.592	92.4986056779086
24.608	92.4986056779086
24.624	92.4986056779086
24.64	92.4986056779086
24.656
24.672
24.688
24.704
24.72
24.736	92.4986056779086
24.752	92.4986056779086
24.768	92.4986056779086
24.784	92.4986056779086
24.8
24.816
24.832
24.848
24.864
24.88
24.896
24.912
24.928	73.41619197935188
24.944	73.41619197935188
24.96	73.41619197935188
24.976	73.41619197935188
24.992	73.41619197935188
25.008	73.41619197935188
25.024
25.04
25.056
25.072
25.088
25.104	73.41619197935188
25.12	73.41619197935188	92.4986056779086
25.136	73.41619197935188	92.4986056779086
25.152	73.41619197935188	92.4986056779086
25.168	73.41619197935188	92.4986056779086
25.184	73.41619197935188	92.4986056779086
25.2	73.41619197935188	92.4986056779086
25.216
25.232
25.248
25.264
25.28
25.296	73.41619197935188
25.312	73.41619197935188
25.328	73.41619197935188
25.344	73.41619197935188
25.36	73.41619197935188
25.376	73.41619197935188
25.392
25.408
25.424
25.44
25.456	73.41619197935188
25.472	73.41619197935188	92.4986056779086
25.488	73.41619197935188	92.4986056779086
25.504	73.41619197935188	92.4986056779086
25.52	73.41619197935188	92.4986056779086
25.536	73.41619197935188	92.4986056779086
25.552	73.41619197935188	92.4986056779086
25.568	73.41619197935188	92.4986056779086
25.584
25.6
25.616
25.632
25.648
25.664
25.68
25.696
25.712
25.728
25.744
25.76
25.776
25.792
25.808
25.824
25.84	65.40639132514966	92.4986056779086
25.856	65.40639132514966	92.4986056779086
25.872	65.40639132514966	92.4986056779086
25.888	65.40639132514966	92.4986056779086
25.904	65.40639132514966	92.4986056779086
25.92	65.40639132514966
25.936	65.40639132514966	92.4986056779086
25.952	65.40639132514966	92.4986056779086
25.968
25.984
26.0
26.016
26.032
26.048
26.064
26.08
26.096
26.112
26.128	92.4986056779086
26.144	73.41619197935188
26.16
26.176
26.192
26.208	73.41619197935188
26.224	73.41619197935188	92.4986056779086
26.24	73.41619197935188	92.4986056779086
26.256	73.41619197935188	92.4986056779086
26.272	73.41619197935188
26.288	73.41619197935188	92.4986056779086
26.304	73.41619197935188	92.4986056779086
26.32	73.41619197935188	92.4986056779086
26.336
26.352
26.368
26.384
26.4	65.40639132514966
26.416	65.40639132514966
26.432	65.40639132514966
26.448	65.40639132514966	92.4986056779086
26.464	65.40639132514966
26.48	65.40639132514966
26.496	65.40639132514966
26.512	65.40639132514966
26.528	65.40639132514966
26.544
26.56
26.576
26.592
26.608	92.4986056779086
26.624
26.64
26.656
26.672
26.688
26.704
26.72
26.736
26.752
26.768
26.784	73.41619197935188
26.8	73.41619197935188
26.816	73.41619197935188
26.832	73.41619197935188
26.848	73.41619197935188
26.864	73.41619197935188
26.88	73.41619197935188
26.896	73.41619197935188
26.912
26.928
26.944
26.96	65.40639132514966
26.976	65.40639132514966
26.992	65.40639132514966
27.008	65.40639132514966
27.024	65.40639132514966
27.04	65.40639132514966
27.056	65.40639132514966
27.072	65.40639132514966
27.088	65.40639132514966
27.104
27.12
27.136
27.152	73.41619197935188
27.168	73.41619197935188
27.184	73.41619197935188
27.2	73.41619197935188
27.216	73.41619197935188
27.232	73.41619197935188
27.248	73.41619197935188
27.264	73.41619197935188
27.28
27.296
27.312
27.328
27.344	65.40639132514966
27.36	65.40639132514966
27.376	65.40639132514966
27.392	65.40639132514966
27.408	65.40639132514966
27.424	65.40639132514966
27.44	65.40639132514966
27.456	65.40639132514966
27.472
27.488
27.504
27.52
27.536	73.41619197935188
27.552	92.4986056779086
27.568	92.4986056779086
27.584	92.4986056779086
27.6	92.4986056779086
27.616	92.4986056779086
27.632	92.4986056779086
27.648
27.664
27.68
27.696
27.712
27.728	73.41619197935188	92.4986056779086
27.744	73.41619197935188	92.4986056779086
27.76	73.41619197935188	92.4986056779086
27.776	73.41619197935188	92.4986056779086
27.792	73.41619197935188
27.808	73.41619197935188	92.4986056779086
27.824	73.41619197935188
27.84
27.856
27.872
27.888
27.904
27.92
27.936
27.952
27.968
27.984
28.0
28.016
28.032
28.048
28.064
28.08
28.096
28.112
28.128	73.41619197935188	92.4986056779086
28.144
28.16
28.176
28.192
28.208
28.224
28.24
28.256
28.272
28.288	73.41619197935188
28.304	73.41619197935188
28.32	73.41619197935188
28.336	73.41619197935188
28.352	73.41619197935188
28.368	73.41619197935188
28.384	73.41619197935188	92.4986056779086
28.4
28.416
28.432
28.448
28.464
28.48	73.41619197935188
28.496	73.41619197935188
28.512
28.528
28.544
28.56
28.576
28.592
28.608
28.624
28.64
28.656	73.41619197935188
28.672	73.41619197935188
28.688	73.41619197935188
28.704	73.41619197935188
28.72	73.41619197935188
28.736	73.41619197935188
28.752	73.41619197935188
28.768
28.784
28.8
28.816
28.832	65.40639132514966
28.848	65.40639132514966	92.4986056779086
28.864	65.40639132514966	92.4986056779086
28.88	65.40639132514966	73.41619197935188	92.4986056779086
28.896	65.40639132514966	92.4986056779086
28.912	65.40639132514966	92.4986056779086
28.928	65.40639132514966	92.4986056779086
28.944	65.40639132514966	92.4986056779086
28.96
28.976
28.992
29.008
29.024
29.04
29.056
29.072	73.41619197935188
29.088
29.104
29.12
29.136
29.152
29.168
29.184
29.2
29.216	73.41619197935188
29.232	73.41619197935188
29.248	73.41619197935188
29.264	73.41619197935188
29.28	73.41619197935188
29.296	73.41619197935188
29.312	73.41619197935188
29.328	73.41619197935188	92.4986056779086
29.344
29.36
29.376
29.392
29.408	65.40639132514966
29.424	65.40639132514966	92.4986056779086
29.44	65.40639132514966
29.456	65.40639132514966
29.472	65.40639132514966	92.4986056779086
29.488	65.40639132514966
29.504	65.40639132514966
29.52	65.40639132514966
29.536
29.552
29.568
29.584
29.6
29.616
29.632
29.648
29.664
29.68
29.696
29.712
29.728
29.744
29.76
29.776	73.41619197935188
29.792	73.41619197935188
29.808	73.41619197935188
29.824	73.41619197935188
29.84	73.41619197935188
29.856	73.41619197935188
29.872	73.41619197935188
29.888	73.41619197935188
29.904
29.92
29.936	65.40639132514966
29.952	65.40639132514966
29.968	65.40639132514966
29.984	65.40639132514966
30.0	65.40639132514966
30.016	65.40639132514966
30.032	65.40639132514966
30.048	65.40639132514966
30.064	65.40639132514966
30.08
30.096
30.112
30.128
30.144	73.41619197935188
30.16	73.41619197935188
30.176	73.41619197935188
30.192	73.41619197935188
30.208	73.41619197935188
30.224	73.41619197935188
30.24	73.41619197935188
30.256	73.41619197935188
30.272
30.288
30.304
30.32	65.40639132514966
30.336	65.40639132514966
30.352	65.40639132514966
30.368	65.40639132514966
30.384	65.40639132514966
30.4	65.40639132514966
30.416	65.40639132514966
30.432	65.40639132514966
30.448
30.464
30.48
30.496
30.512	92.4986056779086
30.528	73.41619197935188	92.4986056779086
30.544	92.4986056779086
30.56	92.4986056779086
30.576	92.4986056779086
30.592	92.4986056779086
30.608	92.4986056779086
30.624	92.4986056779086
30.64
30.656
30.672
30.688
30.704	73.41619197935188
30.72	73.41619197935188	92.4986056779086
30.736	73.41619197935188	92.4986056779086
30.752	73.41619197935188	92.4986056779086
30.768	73.41619197935188
30.784	73.41619197935188
30.8	73.41619197935188
30.816	73.41619197935188
30.832
30.848
30.864
30.88
30.896
30.912
30.928
30.944
30.96
30.976
30.992
31.008
31.024
31.04
31.056
31.072
31.088
31.104
31.12	92.4986056779086
31.136
31.152
31.168
31.184
31.2
31.216
31.232
31.248
31.264
31.28	73.41619197935188
31.296	73.41619197935188
31.312
31.328
31.344	73.41619197935188
31.36	73.41619197935188
31.376
31.392
31.408
31.424
31.44
31.456
31.472	92.4986056779086
31.488
31.504
31.52
31.536
31.552
31.568
31.584
31.6
31.616
31.632
31.648	73.41619197935188
31.664	73.41619197935188
31.68
31.696
31.712
31.728
31.744
31.76
31.776
31.792
31.808	65.40639132514966
31.824	65.40639132514966	92.4986056779086
31.84	65.40639132514966	92.4986056779086
31.856	65.40639132514966	73.41619197935188	92.4986056779086
31.872	65.40639132514966	92.4986056779086
31.888	65.40639132514966	73.41619197935188	92.4986056779086
31.904	65.40639132514966	92.4986056779086
31.92	65.40639132514966
31.936
31.952
31.968
31.984
32.0
32.016
32.032	65.40639132514966	73.41619197935188
32.048	73.41619197935188
32.064
32.08
32.096	73.41619197935188
32.112	73.41619197935188
32.128
32.144
32.16
32.176	73.41619197935188
32.192	73.41619197935188
32.208	73.41619197935188
32.224	73.41619197935188
32.24	73.41619197935188
32.256	73.41619197935188	92.4986056779086
32.272	73.41619197935188
32.288	73.41619197935188
32.304
32.32
32.336
32.352
32.368
32.384	65.40639132514966
32.4	65.40639132514966
32.416	65.40639132514966
32.432	65.40639132514966
32.448	65.40639132514966
32.464	65.40639132514966
32.48	65.40639132514966
32.496	65.40639132514966
32.512
32.528
32.544
32.56
32.576
32.592
32.608
32.624
32.64
32.656
32.672
32.688
32.704
32.72
32.736
32.752
32.768	73.41619197935188
32.784	73.41619197935188
32.8	73.41619197935188
32.816	73.41619197935188
32.832	73.41619197935188
32.848	73.41619197935188
32.864	73.41619197935188
32.88
32.896
32.912
32.928	65.40639132514966
32.944	65.40639132514966
32.96	65.40639132514966
32.976	65.40639132514966
32.992	65.40639132514966
33.008	65.40639132514966
33.024	65.40639132514966
33.04	65.40639132514966
33.056
33.072
33.088
33.104
33.12
33.136	73.41619197935188
33.152	73.41619197935188
33.168	73.41619197935188
33.184	73.41619197935188
33.2	73.41619197935188
33.216	73.41619197935188
33.232	73.41619197935188
33.248	73.41619197935188
33.264
33.28
33.296
33.312	65.40639132514966
33.328	65.40639132514966
33.344	65.40639132514966
33.36	65.40639132514966
33.376	65.40639132514966	92.4986056779086
33.392	65.40639132514966
33.408	65.40639132514966
33.424	65.40639132514966
33.44	65.40639132514966
33.456
33.472
33.488
33.504
33.52	73.41619197935188
33.536	73.41619197935188
33.552
33.568
33.584	92.4986056779086
33.6	92.4986056779086
33.616	73.41619197935188	92.4986056779086
33.632	73.41619197935188
33.648
33.664
33.68
33.696	73.41619197935188
33.712	73.41619197935188	92.4986056779086
33.728	73.41619197935188	92.4986056779086
33.744	73.41619197935188	92.4986056779086
33.76	73.41619197935188	92.4986056779086
33.776	73.41619197935188	92.4986056779086
33.792	73.41619197935188	92.4986056779086
33.808	73.41619197935188
33.824
33.84
33.856
33.872
33.888
33.904	65.40639132514966
33.92	65.40639132514966
33.936	65.40639132514966
33.952	65.40639132514966
33.968	65.40639132514966
33.984	65.40639132514966
34.0	65.40639132514966
34.016	65.40639132514966
34.032
34.048
34.064
34.08
34.096
34.112	92.4986056779086
34.128	92.4986056779086
34.144	92.4986056779086
34.16	92.4986056779086
34.176	92.4986056779086
34.192	73.41619197935188	92.4986056779086
34.208
34.224
34.24
34.256
34.272	73.41619197935188
34.288	73.41619197935188
34.304	73.41619197935188
34.32	73.41619197935188
34.336	73.41619197935188	92.4986056779086
34.352	73.41619197935188
34.368
34.384
34.4
34.416
34.432
34.448
34.464
34.48
34.496
34.512
34.528
34.544
34.56
34.576
34.592
34.608
34.624
34.64
34.656	73.41619197935188
34.672	73.41619197935188
34.688
34.704	73.41619197935188
34.72	73.41619197935188
34.736	73.41619197935188
34.752
34.768
34.784
34.8	65.40639132514966
34.816	65.40639132514966	92.4986056779086
34.832	65.40639132514966	92.4986056779086
34.848	65.40639132514966	92.4986056779086
34.864	65.40639132514966	92.4986056779086
34.88	65.40639132514966	92.4986056779086
34.896	65.40639132514966	92.4986056779086
34.912	65.40639132514966	92.4986056779086
34.928	92.4986056779086
34.944
34.96
34.976
34.992
35.008
35.024	73.41619197935188
35.04	73.41619197935188
35.056
35.072	92.4986056779086
35.088	73.41619197935188	92.4986056779086
35.104	73.41619197935188
35.12
35.136
35.152
35.168
35.184	73.41619197935188
35.2	73.41619197935188
35.216	73.41619197935188
35.232	73.41619197935188
35.248	73.41619197935188	92.4986056779086
35.264	73.41619197935188	92.4986056779086
35.28	73.41619197935188	92.4986056779086
35.296	73.41619197935188
35.312
35.328
35.344
35.36	65.40639132514966
35.376	65.40639132514966	92.4986056779086
35.392	65.40639132514966	92.4986056779086
35.408	65.40639132514966	92.4986056779086
35.424	65.40639132514966	92.4986056779086
35.44	65.40639132514966	92.4986056779086
35.456	65.40639132514966	92.4986056779086
35.472	65.40639132514966
35.488	65.40639132514966
35.504
35.52
35.536
35.552
35.568
35.584
35.6	92.4986056779086
35.616	92.4986056779086
35.632	92.4986056779086
35.648	92.4986056779086
35.664	92.4986056779086
35.68
35.696
35.712
35.728
35.744
35.76	73.41619197935188	92.4986056779086
35.776	73.41619197935188	92.4986056779086
35.792	73.41619197935188
35.808	73.41619197935188	92.4986056779086
35.824	73.41619197935188	92.4986056779086
35.84	73.41619197935188	92.4986056779086
35.856
35.872
35.888
35.904
35.92
35.936
35.952
35.968
35.984
36.0
36.016
36.032
36.048
36.064
36.08
36.096
36.112
36.128
36.144
36.16
36.176
36.192
36.208
36.224
36.24
36.256	65.40639132514966
36.272	65.40639132514966	92.4986056779086
36.288	65.40639132514966
36.304	65.40639132514966	92.4986056779086
36.32	65.40639132514966	92.4986056779086
36.336	65.40639132514966	92.4986056779086
36.352	65.40639132514966	92.4986056779086
36.368	65.40639132514966	92.4986056779086
36.384	65.40639132514966	92.4986056779086
36.4
36.416
36.432	92.4986056779086
36.448
36.464
36.48
36.496
36.512
36.528
36.544
36.56
36.576
36.592
36.608
36.624
36.64
36.656
36.672	73.41619197935188
36.688	73.41619197935188
36.704	73.41619197935188
36.72	73.41619197935188	92.4986056779086
36.736	73.41619197935188
36.752	73.41619197935188
36.768	73.41619197935188
36.784	73.41619197935188	92.4986056779086
36.8	73.41619197935188
36.816
36.832
36.848
36.864	65.40639132514966
36.88	65.40639132514966	92.4986056779086
36.896	65.40639132514966	92.4986056779086
36.912	65.40639132514966	92.4986056779086
36.928	65.40639132514966	92.4986056779086
36.944	65.40639132514966	92.4986056779086
36.96	65.40639132514966	92.4986056779086
36.976	65.40639132514966
36.992
37.008
37.024
37.04
37.056
37.072
37.088
37.104	73.41619197935188
37.12
37.136
37.152
37.168
37.184
37.2
37.216
37.232
37.248	73.41619197935188
37.264	73.41619197935188
37.28	73.41619197935188
37.296	73.41619197935188
37.312	73.41619197935188
37.328	73.41619197935188
37.344	73.41619197935188
37.36	73.41619197935188
37.376
37.392
37.408
37.424
37.44
37.456
37.472
37.488
37.504
37.52
37.536
37.552
37.568
37.584
37.6
37.616	73.41619197935188
37.632	73.41619197935188
37.648	73.41619197935188
37.664	73.41619197935188
37.68	73.41619197935188
37.696	73.41619197935188
37.712	73.41619197935188
37.728
37.744
37.76
37.776	65.40639132514966
37.792	65.40639132514966
37.808	65.40639132514966	92.4986056779086
37.824	65.40639132514966	92.4986056779086
37.84	65.40639132514966	92.4986056779086
37.856	65.40639132514966	92.4986056779086
37.872	65.40639132514966	92.4986056779086
37.888	65.40639132514966	92.4986056779086
37.904	65.40639132514966	92.4986056779086
37.92	65.40639132514966
37.936
37.952
37.968
37.984
38.0
38.016	65.40639132514966	73.41619197935188
38.032	73.41619197935188	92.4986056779086
38.048	92.4986056779086
38.064
38.08
38.096	73.41619197935188
38.112
38.128
38.144
38.16
38.176	73.41619197935188
38.192	73.41619197935188
38.208	73.41619197935188
38.224	73.41619197935188
38.24	73.41619197935188
38.256	73.41619197935188
38.272	73.41619197935188
38.288	73.41619197935188
38.304	73.41619197935188
38.32
38.336
38.352
38.368
38.384
38.4	65.40639132514966
38.416	65.40639132514966
38.432	65.40639132514966
38.448	65.40639132514966
38.464	65.40639132514966
38.48	65.40639132514966
38.496	65.40639132514966
38.512
38.528
38.544
38.56
38.576
38.592
38.608
38.624
38.64
38.656
38.672
38.688
38.704
38.72
38.736
38.752	73.41619197935188
38.768	73.41619197935188
38.784	73.41619197935188
38.8	73.41619197935188	92.4986056779086
38.816	73.41619197935188
38.832	73.41619197935188
38.848	73.41619197935188
38.864	73.41619197935188
38.88
38.896
38.912
38.928	65.40639132514966
38.944	65.40639132514966
38.96	65.40639132514966
38.976	65.40639132514966
38.992	65.40639132514966
39.008	65.40639132514966
39.024	65.40639132514966
39.04	65.40639132514966
39.056
39.072
39.088
39.104
39.12
39.136
39.152	73.41619197935188
39.168	73.41619197935188
39.184	73.41619197935188
39.2	73.41619197935188
39.216	73.41619197935188
39.232	73.41619197935188
39.248	73.41619197935188
39.264	73.41619197935188
39.28
39.296
39.312
39.328
39.344	65.40639132514966
39.36	65.40639132514966
39.376	65.40639132514966
39.392	65.40639132514966
39.408	65.40639132514966
39.424	65.40639132514966
39.44	65.40639132514966
39.456	65.40639132514966
39.472	65.40639132514966
39.488
39.504
39.52
39.536
39.552	92.4986056779086
39.568	92.4986056779086
39.584	92.4986056779086
39.6	92.4986056779086
39.616	92.4986056779086
39.632	92.4986056779086
39.648	92.4986056779086
39.664
39.68
39.696
39.712
39.728	73.41619197935188
39.744	73.41619197935188	92.4986056779086
39.76	73.41619197935188	92.4986056779086
39.776	73.41619197935188	92.4986056779086
39.792	73.41619197935188	92.4986056779086
39.808	73.41619197935188	92.4986056779086
39.824	73.41619197935188	92.4986056779086
39.84	73.41619197935188	92.4986056779086
39.856
39.872
39.888
39.904
39.92
39.936
39.952
39.968
39.984
40.0
40.016
40.032
40.048
40.064
40.08
40.096
40.112
40.128
40.144	73.41619197935188
40.16	92.4986056779086
40.176
40.192
40.208
40.224
40.24
40.256
40.272
40.288
40.304	73.41619197935188
40.32	73.41619197935188
40.336	73.41619197935188
40.352
40.368	73.41619197935188
40.384	73.41619197935188
40.4	73.41619197935188
40.416	73.41619197935188
40.432
40.448
40.464
40.48
40.496
40.512	73.41619197935188
40.528	73.41619197935188
40.544
40.56
40.576
40.592
40.608
40.624
40.64
40.656
40.672
40.688	73.41619197935188
40.704	73.41619197935188
40.72	73.41619197935188
40.736	73.41619197935188
40.752	73.41619197935188
40.768	73.41619197935188
40.784
40.8
40.816
40.832
40.848	65.40639132514966	92.4986056779086
40.864	65.40639132514966	92.4986056779086
40.88	65.40639132514966	73.41619197935188	92.4986056779086
40.896	65.40639132514966	92.4986056779086
40.912	65.40639132514966	92.4986056779086
40.928	65.40639132514966	92.4986056779086
40.944	65.40639132514966
40.96	65.40639132514966
40.976
40.992
41.008
41.024
41.04
41.056
41.072
41.088
41.104
41.12	92.4986056779086
41.136	92.4986056779086
41.152	73.41619197935188
41.168	73.41619197935188
41.184
41.2
41.216
41.232	73.41619197935188
41.248	73.41619197935188
41.264	73.41619197935188	92.4986056779086
41.28	73.41619197935188	92.4986056779086
41.296	73.41619197935188	92.4986056779086
41.312	73.41619197935188	92.4986056779086
41.328	73.41619197935188	92.4986056779086
41.344	73.41619197935188
41.36	73.41619197935188
41.376
41.392
41.408
41.424
41.44	65.40639132514966
41.456	65.40639132514966
41.472	65.40639132514966
41.488	65.40639132514966	92.4986056779086
41.504	65.40639132514966
41.52	65.40639132514966
41.536	65.40639132514966
41.552	65.40639132514966
41.568
41.584
41.6
41.616
41.632
41.648
41.664
41.68
41.696
41.712
41.728
41.744
41.76
41.776
41.792
41.808	73.41619197935188
41.824	73.41619197935188
41.84	73.41619197935188
41.856	73.41619197935188
41.872	73.41619197935188
41.888	73.41619197935188
41.904	73.41619197935188
41.92	73.41619197935188
41.936
41.952
41.968
41.984	65.40639132514966
42.0	65.40639132514966
42.016	65.40639132514966
42.032	65.40639132514966
42.048	65.40639132514966
42.064	65.40639132514966
42.08	65.40639132514966
42.096	65.40639132514966
42.112	65.40639132514966
42.128
42.144
42.16
42.176	73.41619197935188
42.192	73.41619197935188
42.208	73.41619197935188
42.224	73.41619197935188
42.24	73.41619197935188
42.256	73.41619197935188
42.272	73.41619197935188
42.288	73.41619197935188
42.304
42.32
42.336
42.352	65.40639132514966
42.368	65.40639132514966
42.384	65.40639132514966
42.4	65.40639132514966
42.416	65.40639132514966
42.432	65.40639132514966
42.448	65.40639132514966
42.464	65.40639132514966
42.48	65.40639132514966
42.496
42.512
42.528
42.544
42.56	73.41619197935188	92.4986056779086
42.576	73.41619197935188	92.4986056779086
42.592
42.608
42.624
42.64
42.656
42.672
42.688
42.704
42.72	73.41619197935188
42.736	73.41619197935188
42.752	73.41619197935188
42.768	73.41619197935188	92.4986056779086
42.784	73.41619197935188	92.4986056779086
42.8	73.41619197935188	92.4986056779086
42.816	73.41619197935188	92.4986056779086
42.832	73.41619197935188
42.848	73.41619197935188
42.864
42.88
42.896
42.912
42.928
42.944	65.40639132514966
42.96	65.40639132514966
42.976	65.40639132514966
42.992	65.40639132514966
43.008	65.40639132514966	92.4986056779086
43.024	65.40639132514966	92.4986056779086
43.04	65.40639132514966
43.056	65.40639132514966
43.072
43.088
43.104
43.12
43.136	73.41619197935188
43.152	73.41619197935188	92.4986056779086
43.168
43.184	92.4986056779086
43.2	92.4986056779086
43.216
43.232
43.248
43.264
43.28
43.296	73.41619197935188
43.312	73.41619197935188	92.4986056779086
43.328	73.41619197935188
43.344	73.41619197935188	92.4986056779086
43.36	73.41619197935188	92.4986056779086
43.376	73.41619197935188	92.4986056779086
43.392	73.41619197935188
43.408
43.424
43.44
43.456
43.472
43.488
43.504
43.52
43.536
43.552
43.568
43.584
43.6
43.616
43.632
43.648
43.664	73.41619197935188
43.68	73.41619197935188
43.696	73.41619197935188
43.712
43.728	73.41619197935188
43.744	73.41619197935188
43.76	73.41619197935188
43.776
43.792
43.808
43.824	65.40639132514966
43.84	65.40639132514966	92.4986056779086
43.856	65.40639132514966	92.4986056779086
43.872	65.40639132514966	92.4986056779086
43.888	65.40639132514966	92.4986056779086
43.904	65.40639132514966	92.4986056779086
43.92	65.40639132514966	92.4986056779086
43.936	65.40639132514966	92.4986056779086
43.952	65.40639132514966	92.4986056779086
43.968
43.984
44.0
44.016
44.032
44.048	92.4986056779086
44.064
44.08
44.096	92.4986056779086
44.112	92.4986056779086
44.128
44.144
44.16
44.176
44.192
44.208	73.41619197935188
44.224	73.41619197935188
44.24	73.41619197935188
44.256	73.41619197935188
44.272	73.41619197935188
44.288	73.41619197935188	92.4986056779086
44.304	73.41619197935188
44.32	73.41619197935188
44.336
44.352
44.368
44.384
44.4	65.40639132514966
44.416	65.40639132514966	92.4986056779086
44.432	65.40639132514966	92.4986056779086
44.448	65.40639132514966	92.4986056779086
44.464	65.40639132514966	92.4986056779086
44.48	65.40639132514966	92.4986056779086
44.496	65.40639132514966
44.512	65.40639132514966
44.528
44.544
44.56
44.576
44.592	92.4986056779086
44.608
44.624
44.64
44.656	92.4986056779086
44.672
44.688
44.704
44.72
44.736
44.752
44.768	73.41619197935188
44.784	73.41619197935188
44.8	73.41619197935188	92.4986056779086
44.816	73.41619197935188
44.832	73.41619197935188
44.848	73.41619197935188
44.864	73.41619197935188
44.88	73.41619197935188
44.896
44.912
44.928
44.944	65.40639132514966
44.96	65.40639132514966
44.976	65.40639132514966
44.992	65.40639132514966
45.008	65.40639132514966
45.024	65.40639132514966
45.04	65.40639132514966
45.056	65.40639132514966
45.072	65.40639132514966
45.088
45.104
45.12
45.136
45.152	73.41619197935188
45.168	73.41619197935188
45.184	73.41619197935188
45.2	73.41619197935188
45.216	73.41619197935188
45.232	73.41619197935188
45.248	73.41619197935188
45.264	73.41619197935188
45.28
45.296
45.312
45.328	65.40639132514966
45.344	65.40639132514966
45.36	65.40639132514966
45.376	65.40639132514966	92.4986056779086
45.392	65.40639132514966
45.408	65.40639132514966
45.424	65.40639132514966
45.44	65.40639132514966
45.456	65.40639132514966
45.472
45.488
45.504
45.52
45.536	73.41619197935188
45.552	92.4986056779086
45.568	92.4986056779086
45.584	92.4986056779086
45.6	92.4986056779086
45.616	92.4986056779086
45.632	92.4986056779086
45.648
45.664
45.68
45.696
45.712	73.41619197935188
45.728	73.41619197935188	92.4986056779086
45.744	73.41619197935188	92.4986056779086
45.76	73.41619197935188	92.4986056779086
45.776	73.41619197935188	92.4986056779086
45.792	73.41619197935188	92.4986056779086
45.808	73.41619197935188	92.4986056779086
45.824	73.41619197935188	92.4986056779086
45.84
45.856
45.872
45.888
45.904
45.92
45.936
45.952
45.968
45.984
46.0
46.016
46.032
46.048
46.064
46.08
46.096
46.112
46.128	92.4986056779086
46.144	92.4986056779086
46.16	92.4986056779086
46.176
46.192
46.208
46.224
46.24
46.256
46.272	73.41619197935188
46.288	73.41619197935188
46.304	73.41619197935188
46.32	73.41619197935188
46.336	73.41619197935188
46.352	73.41619197935188
46.368	73.41619197935188
46.384	73.41619197935188
46.4
46.416
46.432
46.448
46.464
46.48
46.496
46.512
46.528
46.544
46.56
46.576
46.592
46.608
46.624
46.64	73.41619197935188
46.656	73.41619197935188
46.672	73.41619197935188
46.688	73.41619197935188
46.704	73.41619197935188
46.72
46.736	73.41619197935188
46.752	73.41619197935188
46.768
46.784
46.8
46.816
46.832	65.40639132514966
46.848	65.40639132514966	73.41619197935188	92.4986056779086
46.864	65.40639132514966	73.41619197935188	92.4986056779086
46.88	65.40639132514966	92.4986056779086
46.896	65.40639132514966	73.41619197935188	92.4986056779086
46.912	65.40639132514966	92.4986056779086
46.928	65.40639132514966	92.4986056779086
46.944	92.4986056779086
46.96
46.976
46.992
47.008
47.024	65.40639132514966
47.04	65.40639132514966
47.056	65.40639132514966
47.072	65.40639132514966
47.088	65.40639132514966
47.104	65.40639132514966	92.4986056779086
47.12	65.40639132514966	92.4986056779086
47.136	65.40639132514966	92.4986056779086
47.152
47.168
47.184
47.2
47.216	73.41619197935188	92.4986056779086
47.232	73.41619197935188	92.4986056779086
47.248	73.41619197935188	92.4986056779086
47.264	73.41619197935188
47.28	73.41619197935188
47.296	73.41619197935188	92.4986056779086
47.312	73.41619197935188
47.328	73.41619197935188
47.344
47.36
47.376
47.392
47.408
47.424
47.44	92.4986056779086
47.456	73.41619197935188	92.4986056779086
47.472	73.41619197935188
47.488
47.504
47.52
47.536
47.552
47.568
47.584
47.6
47.616	73.41619197935188
47.632
47.648
47.664
47.68	73.41619197935188
47.696	73.41619197935188
47.712
47.728
47.744
47.76
47.776	73.41619197935188
47.792	73.41619197935188
47.808	73.41619197935188
47.824	73.41619197935188
47.84	73.41619197935188
47.856	73.41619197935188	92.4986056779086
47.872	73.41619197935188	92.4986056779086
47.888	73.41619197935188
47.904
47.92
47.936
47.952	65.40639132514966
47.968	65.40639132514966
47.984	65.40639132514966
48.0	65.40639132514966	92.4986056779086
48.016	65.40639132514966	92.4986056779086
48.032	65.40639132514966
48.048	65.40639132514966
48.064	65.40639132514966
48.08	65.40639132514966
48.096
48.112
48.128
48.144
48.16	73.41619197935188
48.176	73.41619197935188
48.192	73.41619197935188
48.208	73.41619197935188
48.224	73.41619197935188
48.24	73.41619197935188
48.256	73.41619197935188
48.272	73.41619197935188
48.288
48.304
48.32
48.336
48.352	65.40639132514966
48.368	65.40639132514966
48.384	65.40639132514966
48.4	65.40639132514966
48.416	65.40639132514966
48.432	65.40639132514966
48.448	65.40639132514966
48.464
48.48
48.496
48.512
48.528
48.544	65.40639132514966
48.56	65.40639132514966
48.576	65.40639132514966
48.592	65.40639132514966
48.608	65.40639132514966
48.624	65.40639132514966	92.4986056779086
48.64	65.40639132514966	92.4986056779086
48.656
48.672
48.688
48.704
48.72	73.41619197935188
48.736	73.41619197935188	92.4986056779086
48.752	73.41619197935188	92.4986056779086
48.768	73.41619197935188	92.4986056779086
48.784	73.41619197935188	92.4986056779086
48.8	73.41619197935188
48.816	73.41619197935188
48.832	73.41619197935188
48.848
48.864
48.88
48.896
48.912
48.928
48.944
48.96
48.976
48.992
49.008
49.024
49.04
49.056
49.072
49.088
49.104
49.12	73.41619197935188
49.136
49.152
49.168
49.184
49.2
49.216
49.232
49.248
49.264
49.28
49.296	73.41619197935188	92.4986056779086
49.312	73.41619197935188	92.4986056779086
49.328	73.41619197935188
49.344
49.36	73.41619197935188
49.376	73.41619197935188
49.392	73.41619197935188
49.408
49.424
49.44
49.456
49.472
49.488	73.41619197935188
49.504	73.41619197935188
49.52
49.536
49.552
49.568
49.584	73.41619197935188
49.6
49.616
49.632
49.648
49.664	73.41619197935188
49.68	73.41619197935188
49.696	73.41619197935188
49.712
49.728
49.744	73.41619197935188
49.76	73.41619197935188
49.776
49.792
49.808
49.824
49.84
49.856	65.40639132514966
49.872	65.40639132514966	92.4986056779086
49.888	65.40639132514966	92.4986056779086
49.904	65.40639132514966	92.4986056779086
49.92	65.40639132514966	92.4986056779086
49.936	65.40639132514966	92.4986056779086
49.952	65.40639132514966	73.41619197935188	92.4986056779086
49.968	65.40639132514966	92.4986056779086
49.984
50.0
50.016
50.032
50.048	65.40639132514966
50.064	65.40639132514966
50.08	65.40639132514966
50.096	65.40639132514966
50.112	65.40639132514966
50.128	65.40639132514966
50.144	65.40639132514966	92.4986056779086
50.16	65.40639132514966	92.4986056779086
50.176
50.192
50.208
50.224
50.24	73.41619197935188
50.256	73.41619197935188	92.4986056779086
50.272	73.41619197935188	92.4986056779086
50.288	73.41619197935188	92.4986056779086
50.304	73.41619197935188
50.32	73.41619197935188
50.336	73.41619197935188
50.352
50.368
50.384
50.4
50.416
50.432
50.448
50.464	92.4986056779086
50.48	73.41619197935188
50.496	73.41619197935188
50.512
50.528
50.544
50.56
50.576
50.592
50.608
50.624
50.64	73.41619197935188
50.656
50.672
50.688
50.704
50.72
50.736
50.752
50.768
50.784
50.8	73.41619197935188
50.816	73.41619197935188
50.832	73.41619197935188
50.848	73.41619197935188
50.864	73.41619197935188
50.88	73.41619197935188
50.896	73.41619197935188
50.912
50.928
50.944
50.96
50.976	65.40639132514966
50.992	65.40639132514966
51.008	65.40639132514966
51.024	65.40639132514966
51.04	65.40639132514966
51.056	65.40639132514966
51.072	65.40639132514966
51.088	65.40639132514966
51.104
51.12
51.136
51.152
51.168
51.184	73.41619197935188
51.2	73.41619197935188
51.216	73.41619197935188
51.232	73.41619197935188
51.248	73.41619197935188
51.264	73.41619197935188	92.4986056779086
51.28
51.296
51.312
51.328
51.344	65.40639132514966
51.36	65.40639132514966
51.376	65.40639132514966
51.392	65.40639132514966
51.408	65.40639132514966
51.424	65.40639132514966
51.44	65.40639132514966
51.456	65.40639132514966
51.472
51.488
51.504
51.52	65.40639132514966
51.536	65.40639132514966	73.41619197935188	92.4986056779086
51.552	65.40639132514966	92.4986056779086
51.568	65.40639132514966
51.584	65.40639132514966	92.4986056779086
51.6	65.40639132514966	92.4986056779086
51.616	65.40639132514966	92.4986056779086
51.632	65.40639132514966	92.4986056779086
51.648
51.664
51.68
51.696
51.712
51.728	73.41619197935188
51.744	73.41619197935188	92.4986056779086
51.76	73.41619197935188	92.4986056779086
51.776	73.41619197935188
51.792	73.41619197935188	92.4986056779086
51.808	73.41619197935188	92.4986056779086
51.824	73.41619197935188	92.4986056779086
51.84
51.856
51.872
51.888
51.904
51.92
51.936
51.952
51.968
51.984
52.0
52.016
52.032
52.048
52.064
52.08
52.096
52.112
52.128
52.144
52.16
52.176
52.192
52.208
52.224
52.24
52.256
52.272
52.288	73.41619197935188
52.304	73.41619197935188	92.4986056779086
52.32	73.41619197935188
52.336
52.352	73.41619197935188
52.368	73.41619197935188
52.384	73.41619197935188
52.4
52.416
52.432
52.448
52.464
52.48	73.41619197935188
52.496	73.41619197935188
52.512
52.528
52.544
52.56
52.576
52.592
52.608
52.624
52.64
52.656	73.41619197935188
52.672	73.41619197935188
52.688	73.41619197935188
52.704	73.41619197935188
52.72	73.41619197935188
52.736	73.41619197935188
52.752	73.41619197935188
52.768	73.41619197935188
52.784
52.8
52.816
52.832
52.848	65.40639132514966	73.41619197935188
52.864	65.40639132514966	73.41619197935188	92.4986056779086
52.88	65.40639132514966	73.41619197935188	92.4986056779086
52.896	65.40639132514966	73.41619197935188	92.4986056779086
52.912	65.40639132514966	73.41619197935188	92.4986056779086
52.928	65.40639132514966	92.4986056779086
52.944	65.40639132514966	92.4986056779086
52.96	92.4986056779086
52.976
52.992
53.008
53.024
53.04	65.40639132514966
53.056	65.40639132514966	92.4986056779086
53.072	65.40639132514966
53.088	65.40639132514966
53.104	65.40639132514966
53.12	65.40639132514966	92.4986056779086
53.136	65.40639132514966
53.152
53.168
53.184
53.2
53.216
53.232	73.41619197935188	92.4986056779086
53.248	73.41619197935188	92.4986056779086
53.264	73.41619197935188	92.4986056779086
53.28
53.296
53.312	73.41619197935188
53.328	73.41619197935188	92.4986056779086
53.344
53.36
53.376
53.392
53.408
53.424
53.44
53.456
53.472
53.488
53.504
53.52
53.536
53.552
53.568
53.584
53.6
53.616
53.632	73.41619197935188
53.648
53.664	92.4986056779086
53.68
53.696	92.4986056779086
53.712	73.41619197935188	92.4986056779086
53.728	92.4986056779086
53.744
53.76
53.776
53.792
53.808
53.824
53.84
53.856
53.872
53.888
53.904
53.92
53.936
53.952
53.968
53.984
54.0	65.40639132514966	92.4986056779086
54.016	65.40639132514966	92.4986056779086
54.032	65.40639132514966	92.4986056779086
54.048	65.40639132514966
54.064	65.40639132514966
54.08	65.40639132514966
54.096	65.40639132514966	92.4986056779086
54.112	65.40639132514966
54.128
54.144
54.16
54.176
54.192
54.208
54.224
54.24
54.256
54.272
54.288
54.304
54.32
54.336
54.352
54.368	73.41619197935188
54.384	73.41619197935188	92.4986056779086
54.4	73.41619197935188	92.4986056779086
54.416	73.41619197935188
54.432	73.41619197935188
54.448	73.41619197935188
54.464	73.41619197935188
54.48	73.41619197935188	92.4986056779086
54.496
54.512
54.528
54.544	65.40639132514966
54.56	65.40639132514966	92.4986056779086
54.576	65.40639132514966	92.4986056779086
54.592	65.40639132514966	92.4986056779086
54.608	65.40639132514966	92.4986056779086
54.624	65.40639132514966	92.4986056779086
54.64	65.40639132514966	92.4986056779086
54.656	65.40639132514966	92.4986056779086
54.672
54.688
54.704
54.72
54.736
54.752	73.41619197935188	92.4986056779086
54.768	73.41619197935188	92.4986056779086
54.784	73.41619197935188	92.4986056779086
54.8	73.41619197935188
54.816	73.41619197935188	92.4986056779086
54.832	73.41619197935188	92.4986056779086
54.848	73.41619197935188	92.4986056779086
54.864	73.41619197935188
54.88
54.896
54.912
54.928
54.944
54.96
54.976
54.992
55.008
55.024
55.04
55.056
55.072
55.088
55.104
55.12
55.136	73.41619197935188
55.152	73.41619197935188
55.168
55.184
55.2	92.4986056779086
55.216
55.232
55.248
55.264
55.28
55.296
55.312	73.41619197935188
55.328	73.41619197935188	92.4986056779086
55.344	73.41619197935188	92.4986056779086
55.36	73.41619197935188	92.4986056779086
55.376	73.41619197935188	92.4986056779086
55.392	73.41619197935188	92.4986056779086
55.408	73.41619197935188	92.4986056779086
55.424	73.41619197935188
55.44
55.456
55.472
55.488
55.504
55.52	73.41619197935188
55.536	73.41619197935188
55.552
55.568
55.584
55.6
55.616
55.632
55.648
55.664
55.68	73.41619197935188
55.696	73.41619197935188
55.712	73.41619197935188
55.728	73.41619197935188
55.744	73.41619197935188
55.76	73.41619197935188
55.776	73.41619197935188
55.792
55.808
55.824
55.84
55.856	65.40639132514966
55.872	65.40639132514966	92.4986056779086
55.888	65.40639132514966	92.4986056779086
55.904	65.40639132514966	92.4986056779086
55.92	65.40639132514966	92.4986056779086
55.936	65.40639132514966	73.41619197935188	92.4986056779086
55.952	65.40639132514966	92.4986056779086
55.968	65.40639132514966	92.4986056779086
55.984
56.0
56.016
56.032
56.048	65.40639132514966	92.4986056779086
56.064	65.40639132514966	92.4986056779086
56.08	65.40639132514966	92.4986056779086
56.096	65.40639132514966	92.4986056779086
56.112	65.40639132514966	92.4986056779086
56.128	65.40639132514966	92.4986056779086
56.144	65.40639132514966	92.4986056779086
56.16	65.40639132514966	92.4986056779086
56.176
56.192
56.208
56.224
56.24	73.41619197935188
56.256	73.41619197935188	92.4986056779086
56.272	73.41619197935188	92.4986056779086
56.288	73.41619197935188	92.4986056779086
56.304	73.41619197935188	92.4986056779086
56.32	73.41619197935188
56.336	73.41619197935188	92.4986056779086
56.352	92.4986056779086
56.368
56.384
56.4
56.416
56.432
56.448
56.464
56.48
56.496
56.512
56.528
56.544
56.56
56.576
56.592
56.608
56.624
56.64	92.4986056779086
56.656	92.4986056779086
56.672	92.4986056779086
56.688	92.4986056779086
56.704	73.41619197935188	92.4986056779086
56.72
56.736
56.752
56.768
56.784
56.8
56.816
56.832
56.848
56.864
56.88
56.896
56.912
56.928
56.944
56.96
56.976
56.992	65.40639132514966
57.008	65.40639132514966	92.4986056779086
57.024	65.40639132514966	92.4986056779086
57.04	65.40639132514966
57.056	65.40639132514966	92.4986056779086
57.072	65.40639132514966	92.4986056779086
57.088	65.40639132514966	92.4986056779086
57.104	65.40639132514966
57.12
57.136
57.152
57.168
57.184
57.2
57.216
57.232
57.248
57.264
57.28
57.296
57.312
57.328
57.344
57.36	73.41619197935188
57.376	73.41619197935188	92.4986056779086
57.392	73.41619197935188
57.408	73.41619197935188
57.424	73.41619197935188
57.44	73.41619197935188
57.456	73.41619197935188
57.472	92.4986056779086
57.488
57.504
57.52
57.536	65.40639132514966
57.552	65.40639132514966	92.4986056779086
57.568	65.40639132514966	92.4986056779086
57.584	65.40639132514966	92.4986056779086
57.6	65.40639132514966	92.4986056779086
57.616	65.40639132514966	92.4986056779086
57.632	65.40639132514966	92.4986056779086
57.648	65.40639132514966	92.4986056779086
57.664
57.68
57.696
57.712
57.728
57.744	73.41619197935188	92.4986056779086
57.76	73.41619197935188	92.4986056779086
57.776	73.41619197935188	92.4986056779086
57.792	73.41619197935188
57.808	73.41619197935188
57.824	73.41619197935188	92.4986056779086
57.84	73.41619197935188	92.4986056779086
57.856	73.41619197935188
57.872
57.888
57.904
57.92
57.936
57.952
57.968
57.984
58.0
58.016
58.032
58.048
58.064
58.08
58.096
58.112
58.128	73.41619197935188
58.144	73.41619197935188
58.16	73.41619197935188
58.176
58.192
58.208	73.41619197935188
58.224	73.41619197935188
58.24
58.256
58.272
58.288
58.304
58.32	73.41619197935188
58.336	73.41619197935188
58.352	73.41619197935188
58.368	73.41619197935188	92.4986056779086
58.384	73.41619197935188	92.4986056779086
58.4	73.41619197935188
58.416	73.41619197935188	92.4986056779086
58.432
58.448
58.464
58.48
58.496
58.512
58.528
58.544
58.56
58.576
58.592
58.608
58.624
58.64
58.656
58.672
58.688	73.41619197935188
58.704
58.72
58.736
58.752	73.41619197935188
58.768
58.784
58.8
58.816
58.832	65.40639132514966
58.848	65.40639132514966
58.864	65.40639132514966
58.88	65.40639132514966	92.4986056779086
58.896	65.40639132514966	92.4986056779086
58.912	65.40639132514966	92.4986056779086
58.928	65.40639132514966
58.944	65.40639132514966	92.4986056779086
58.96	65.40639132514966	92.4986056779086
58.976
58.992
59.008
59.024
59.04	65.40639132514966
59.056	65.40639132514966
59.072	65.40639132514966
59.088	65.40639132514966
59.104	65.40639132514966
59.12	65.40639132514966	92.4986056779086
59.136	65.40639132514966	92.4986056779086
59.152	65.40639132514966
59.168
59.184
59.2
59.216
59.232	73.41619197935188
59.248	73.41619197935188	92.4986056779086
59.264	73.41619197935188	92.4986056779086
59.28	73.41619197935188
59.296
59.312	73.41619197935188
59.328	73.41619197935188
59.344	73.41619197935188
59.36
59.376
59.392
59.408
59.424
59.44
59.456
59.472
59.488
59.504
59.52
59.536
59.552
59.568
59.584
59.6
59.616
59.632
59.648
59.664
59.68
59.696	73.41619197935188	92.4986056779086
59.712
59.728
59.744
59.76
59.776
59.792
59.808
59.824
59.84
59.856
59.872
59.888
59.904
59.92
59.936
59.952
59.968
59.984	65.40639132514966
60.0	65.40639132514966	92.4986056779086
60.016	65.40639132514966	92.4986056779086
60.032	65.40639132514966	92.4986056779086
60.048	65.40639132514966
60.064	65.40639132514966
60.08	65.40639132514966	92.4986056779086
60.096	65.40639132514966	92.4986056779086
60.112
60.128
60.144
60.16
60.176
60.192
60.208
60.224
60.24
60.256	92.4986056779086
60.272
60.288	73.41619197935188	92.4986056779086
60.304
60.32
60.336
60.352	73.41619197935188
60.368	73.41619197935188	92.4986056779086
60.384	73.41619197935188	92.4986056779086
60.4	73.41619197935188
60.416	73.41619197935188
60.432	73.41619197935188
60.448	73.41619197935188
60.464	73.41619197935188	92.4986056779086
60.48
60.496
60.512
60.528
60.544	65.40639132514966
60.56	65.40639132514966	92.4986056779086
60.576	65.40639132514966
60.592	65.40639132514966	92.4986056779086
60.608	65.40639132514966	92.4986056779086
60.624	65.40639132514966	92.4986056779086
60.64	65.40639132514966	92.4986056779086
60.656	65.40639132514966
60.672
60.688
60.704
60.72
60.736	73.41619197935188
60.752	73.41619197935188	92.4986056779086
60.768	73.41619197935188	92.4986056779086
60.784	73.41619197935188	92.4986056779086
60.8	73.41619197935188
60.816	73.41619197935188	92.4986056779086
60.832	73.41619197935188	92.4986056779086
60.848	73.41619197935188	92.4986056779086
60.864
60.88
60.896
60.912
60.928
60.944
60.96	92.4986056779086
60.976
60.992
61.008
61.024
61.04
61.056
61.072
61.088
61.104
61.12	73.41619197935188
61.136
61.152
61.168
61.184
61.2	73.41619197935188	92.4986056779086
61.216
61.232
61.248
61.264
61.28
61.296	73.41619197935188
61.312	73.41619197935188
61.328
61.344
61.36
61.376
61.392
61.408
61.424
61.44
61.456
61.472
61.488	73.41619197935188
61.504	73.41619197935188
61.52	73.41619197935188
61.536
61.552	73.41619197935188
61.568	73.41619197935188
61.584
61.6
61.616
61.632
61.648
61.664	73.41619197935188
61.68	73.41619197935188
61.696	73.41619197935188
61.712	73.41619197935188
61.728	73.41619197935188
61.744	73.41619197935188
61.76	73.41619197935188
61.776	73.41619197935188
61.792
61.808
61.824
61.84
61.856	65.40639132514966
61.872	65.40639132514966	92.4986056779086
61.888	65.40639132514966	92.4986056779086
61.904	65.40639132514966
61.92	65.40639132514966	92.4986056779086
61.936	65.40639132514966	92.4986056779086
61.952	65.40639132514966	92.4986056779086
61.968
61.984
62.0
62.016
62.032	65.40639132514966
62.048	65.40639132514966
62.064	65.40639132514966
62.08	65.40639132514966
62.096	65.40639132514966
62.112	65.40639132514966
62.128	65.40639132514966
62.144	65.40639132514966
62.16
62.176
62.192
62.208	73.41619197935188
62.224	73.41619197935188	92.4986056779086
62.24	73.41619197935188	92.4986056779086
62.256	73.41619197935188	92.4986056779086
62.272	73.41619197935188	92.4986056779086
62.288	73.41619197935188	92.4986056779086
62.304	73.41619197935188
62.32	73.41619197935188
62.336
62.352
62.368
62.384
62.4
62.416
62.432
62.448
62.464
62.48
62.496
62.512
62.528
62.544
62.56
62.576
62.592
62.608	73.41619197935188
62.624
62.64
62.656
62.672
62.688
62.704
62.72
62.736
62.752
62.768
62.784
62.8	73.41619197935188
62.816	73.41619197935188
62.832
62.848	73.41619197935188
62.864	73.41619197935188
62.88	73.41619197935188
62.896	73.41619197935188
62.912
62.928
62.944
62.96	65.40639132514966
62.976	65.40639132514966
62.992	65.40639132514966
63.008	65.40639132514966
63.024	65.40639132514966
63.04	65.40639132514966
63.056	65.40639132514966
63.072	65.40639132514966
63.088
63.104
63.12
63.136
63.152
63.168
63.184	73.41619197935188
63.2	73.41619197935188
63.216	73.41619197935188
63.232	73.41619197935188
63.248	65.40639132514966	73.41619197935188
63.264
63.28
63.296
63.312
63.328	65.40639132514966
63.344	65.40639132514966
63.36	65.40639132514966
63.376	65.40639132514966
63.392	65.40639132514966
63.408	65.40639132514966
63.424	65.40639132514966
63.44	65.40639132514966
63.456	65.40639132514966
63.472
63.488
63.504
63.52
63.536	73.41619197935188
63.552	65.40639132514966	73.41619197935188
63.568
63.584
63.6
63.616
63.632
63.648
63.664
63.68
63.696	73.41619197935188
63.712	73.41619197935188
63.728	73.41619197935188
63.744	73.41619197935188
63.76	73.41619197935188
63.776	73.41619197935188
63.792	73.41619197935188	92.4986056779086
63.808	73.41619197935188
63.824	73.41619197935188
63.84
63.856
63.872
63.888
63.904	65.40639132514966
63.92	65.40639132514966
63.936	65.40639132514966	92.4986056779086
63.952	65.40639132514966
63.968	65.40639132514966
63.984	65.40639132514966
64.0	65.40639132514966
64.016	65.40639132514966
64.032	65.40639132514966
64.048
64.064
64.08
64.096
64.112
64.128
64.144	73.41619197935188	92.4986056779086
64.16	92.4986056779086
64.176	92.4986056779086
64.192	92.4986056779086
64.208
64.224
64.24
64.256
64.272
64.288	73.41619197935188
64.304	73.41619197935188
64.32	73.41619197935188
64.336	73.41619197935188
64.352	73.41619197935188
64.368	73.41619197935188
64.384	73.41619197935188
64.4
64.416
64.432
64.448
64.464
64.48
64.496
64.512
64.528
64.544
64.56
64.576
64.592
64.608
64.624
64.64
64.656
64.672
64.688	73.41619197935188
64.704
64.72	73.41619197935188
64.736	73.41619197935188
64.752	73.41619197935188
64.768
64.784
64.8
64.816
64.832
64.848
64.864	65.40639132514966
64.88	65.40639132514966	92.4986056779086
64.896	65.40639132514966	92.4986056779086
64.912	65.40639132514966	92.4986056779086
64.928	65.40639132514966
64.944	65.40639132514966
64.96	65.40639132514966
64.976	65.40639132514966
64.992
65.008
65.024
65.04
65.056
65.072	65.40639132514966
65.088	65.40639132514966
65.104
65.12
65.136	92.4986056779086
65.152	92.4986056779086
65.168
65.184
65.2
65.216
65.232	73.41619197935188
65.248	73.41619197935188
65.264	73.41619197935188
65.28	73.41619197935188	92.4986056779086
65.296	73.41619197935188
65.312	73.41619197935188	92.4986056779086
65.328	73.41619197935188	92.4986056779086
65.344	73.41619197935188
65.36	73.41619197935188
65.376
65.392
65.408
65.424
65.44	65.40639132514966
65.456	65.40639132514966
65.472	65.40639132514966
65.488	65.40639132514966	92.4986056779086
65.504	65.40639132514966
65.52	65.40639132514966
65.536	65.40639132514966
65.552	65.40639132514966
65.568
65.584
65.6
65.616
65.632	92.4986056779086
65.648	92.4986056779086
65.664	92.4986056779086
65.68	92.4986056779086
65.696	92.4986056779086
65.712	92.4986056779086
65.728
65.744
65.76
65.776
65.792
65.808	73.41619197935188
65.824	73.41619197935188
65.84	73.41619197935188	92.4986056779086
65.856	73.41619197935188	92.4986056779086
65.872	73.41619197935188	92.4986056779086
65.888	73.41619197935188
65.904	73.41619197935188
65.92
65.936
65.952
65.968
65.984
66.0
66.016	92.4986056779086
66.032
66.048
66.064
66.08	92.4986056779086
66.096
66.112
66.128
66.144
66.16
66.176	73.41619197935188
66.192	73.41619197935188
66.208	73.41619197935188
66.224	73.41619197935188
66.24	73.41619197935188
66.256	73.41619197935188
66.272	73.41619197935188
66.288
66.304
66.32
66.336
66.352	65.40639132514966
66.368	65.40639132514966
66.384	65.40639132514966	92.4986056779086
66.4	65.40639132514966
66.416	65.40639132514966
66.432	65.40639132514966
66.448	65.40639132514966	92.4986056779086
66.464	65.40639132514966
66.48	65.40639132514966
66.496
66.512
66.528
66.544
66.56	65.40639132514966
66.576	65.40639132514966
66.592
66.608
66.624
66.64	92.4986056779086
66.656
66.672
66.688
66.704
66.72
66.736	73.41619197935188
66.752	73.41619197935188
66.768	73.41619197935188
66.784	73.41619197935188
66.8	73.41619197935188
66.816	73.41619197935188
66.832	73.41619197935188
66.848	73.41619197935188
66.864
66.88
66.896
66.912
66.928
66.944	65.40639132514966
66.96	65.40639132514966
66.976	65.40639132514966
66.992	65.40639132514966
67.008	65.40639132514966
67.024	65.40639132514966
67.04	65.40639132514966
67.056	65.40639132514966
67.072
67.088
67.104
67.12
67.136
67.152	92.4986056779086
67.168	92.4986056779086
67.184	92.4986056779086
67.2	92.4986056779086
67.216	92.4986056779086
67.232
67.248
67.264
67.28
67.296
67.312	73.41619197935188
67.328	73.41619197935188	92.4986056779086
67.344	73.41619197935188	92.4986056779086
67.36	73.41619197935188	92.4986056779086
67.376	73.41619197935188
67.392	73.41619197935188
67.408	73.41619197935188
67.424
67.44
67.456
67.472
67.488
67.504
67.52
67.536
67.552
67.568
67.584
67.6	92.4986056779086
67.616
67.632
67.648
67.664
67.68
67.696
67.712	73.41619197935188
67.728	73.41619197935188
67.744	73.41619197935188
67.76
67.776
67.792
67.808
67.824
67.84
67.856
67.872	65.40639132514966
67.888	65.40639132514966	92.4986056779086
67.904	65.40639132514966
67.92	65.40639132514966
67.936	65.40639132514966	92.4986056779086
67.952	65.40639132514966
67.968	65.40639132514966	92.4986056779086
67.984	65.40639132514966
68.0
68.016
68.032
68.048
68.064
68.08	65.40639132514966
68.096	65.40639132514966	92.4986056779086
68.112	92.4986056779086
68.128	92.4986056779086
68.144	92.4986056779086
68.16
68.176
68.192
68.208
68.224
68.24	73.41619197935188
68.256	73.41619197935188	92.4986056779086
68.272	73.41619197935188	92.4986056779086
68.288	73.41619197935188
68.304	73.41619197935188
68.32	73.41619197935188
68.336	73.41619197935188
68.352	73.41619197935188
68.368
68.384
68.4
68.416
68.432
68.448	65.40639132514966
68.464	65.40639132514966	92.4986056779086
68.48	65.40639132514966	92.4986056779086
68.496	65.40639132514966	92.4986056779086
68.512	65.40639132514966	92.4986056779086
68.528	65.40639132514966	92.4986056779086
68.544	65.40639132514966	92.4986056779086
68.56	65.40639132514966	92.4986056779086
68.576
68.592
68.608
68.624
68.64
68.656
68.672	92.4986056779086
68.688
68.704	92.4986056779086
68.72	92.4986056779086
68.736	92.4986056779086
68.752
68.768
68.784
68.8
68.816	73.41619197935188
68.832	73.41619197935188
68.848	73.41619197935188
68.864	73.41619197935188
68.88	73.41619197935188
68.896	73.41619197935188
68.912	73.41619197935188	92.4986056779086
68.928	73.41619197935188
68.944
68.96
68.976
68.992
69.008
69.024
69.04
69.056
69.072
69.088
69.104
69.12
69.136
69.152
69.168
69.184
69.2
69.216	73.41619197935188
69.232
69.248
69.264
69.28	73.41619197935188
69.296
69.312
69.328
69.344	65.40639132514966
69.36	65.40639132514966	92.4986056779086
69.376	65.40639132514966	92.4986056779086
69.392	65.40639132514966	92.4986056779086
69.408	65.40639132514966	92.4986056779086
69.424	65.40639132514966	92.4986056779086
69.44	65.40639132514966	92.4986056779086
69.456	65.40639132514966	92.4986056779086
69.472	65.40639132514966	92.4986056779086
69.488
69.504
69.52
69.536
69.552
69.568	73.41619197935188
69.584
69.6
69.616
69.632	92.4986056779086
69.648	73.41619197935188	92.4986056779086
69.664	73.41619197935188
69.68
69.696
69.712
69.728	73.41619197935188
69.744	73.41619197935188	92.4986056779086
69.76	73.41619197935188
69.776	73.41619197935188	92.4986056779086
69.792	73.41619197935188
69.808	73.41619197935188	92.4986056779086
69.824	73.41619197935188	92.4986056779086
69.84	73.41619197935188
69.856	73.41619197935188
69.872
69.888
69.904
69.92
69.936	65.40639132514966
69.952	65.40639132514966	92.4986056779086
69.968	65.40639132514966
69.984	65.40639132514966
70.0	65.40639132514966	92.4986056779086
70.016	65.40639132514966
70.032	65.40639132514966
70.048	65.40639132514966
70.064
70.08
70.096
70.112
70.128
70.144	92.4986056779086
70.16	73.41619197935188	92.4986056779086
70.176	92.4986056779086
70.192	92.4986056779086
70.208	92.4986056779086
70.224	92.4986056779086
70.24
70.256
70.272
70.288
70.304	73.41619197935188
70.32	73.41619197935188
70.336	73.41619197935188	92.4986056779086
70.352	73.41619197935188	92.4986056779086
70.368	73.41619197935188	92.4986056779086
70.384	73.41619197935188
70.4	73.41619197935188
70.416
70.432
70.448
70.464
70.48
70.496
70.512
70.528
70.544
70.56
70.576
70.592
70.608
70.624
70.64
70.656
70.672
70.688	73.41619197935188
70.704	73.41619197935188
70.72	73.41619197935188
70.736	73.41619197935188
70.752	73.41619197935188
70.768	73.41619197935188
70.784
70.8
70.816
70.832	65.40639132514966
70.848	65.40639132514966
70.864	65.40639132514966
70.88	65.40639132514966
70.896	65.40639132514966
70.912	65.40639132514966
70.928	65.40639132514966
70.944	65.40639132514966	92.4986056779086
70.96	65.40639132514966
70.976
70.992
71.008
71.024
71.04	65.40639132514966
71.056	65.40639132514966
71.072	65.40639132514966
71.088	92.4986056779086
71.104	92.4986056779086
71.12	92.4986056779086
71.136	92.4986056779086
71.152
71.168
71.184
71.2
71.216	73.41619197935188
71.232	73.41619197935188	92.4986056779086
71.248	73.41619197935188	92.4986056779086
71.264	73.41619197935188	92.4986056779086
71.28	73.41619197935188
71.296	73.41619197935188	92.4986056779086
71.312	73.41619197935188
71.328	73.41619197935188
71.344
71.36
71.376
71.392
71.408
71.424	65.40639132514966
71.44	65.40639132514966
71.456	65.40639132514966
71.472	65.40639132514966
71.488	65.40639132514966	92.4986056779086
71.504	65.40639132514966
71.52	65.40639132514966
71.536	65.40639132514966
71.552
71.568
71.584
71.6
71.616
71.632	92.4986056779086
71.648	92.4986056779086
71.664
71.68
71.696	92.4986056779086
71.712	92.4986056779086
71.728
71.744
71.76
71.776
71.792
71.808	73.41619197935188
71.824	73.41619197935188	92.4986056779086
71.84	73.41619197935188
71.856	73.41619197935188
71.872	73.41619197935188
71.888	73.41619197935188
71.904	73.41619197935188
71.92
71.936
71.952
71.968
71.984
72.0
72.016
72.032
72.048
72.064
72.08	73.41619197935188
72.096
72.112
72.128
72.144
72.16
72.176
72.192	73.41619197935188
72.208	73.41619197935188
72.224
72.24
72.256
72.272
72.288
72.304
72.32
72.336
72.352	65.40639132514966
72.368	65.40639132514966	92.4986056779086
72.384	65.40639132514966	92.4986056779086
72.4	65.40639132514966	92.4986056779086
72.416	65.40639132514966	92.4986056779086
72.432	65.40639132514966
72.448	65.40639132514966
72.464	65.40639132514966	92.4986056779086
72.48	65.40639132514966
72.496
72.512
72.528
72.544
72.56
72.576
72.592	65.40639132514966
72.608
72.624
72.64
72.656
72.672
72.688
72.704
72.72
72.736
72.752	73.41619197935188	92.4986056779086
72.768	73.41619197935188
72.784	73.41619197935188
72.8	73.41619197935188
72.816	73.41619197935188
72.832	73.41619197935188
72.848	73.41619197935188
72.864
72.88
72.896
72.912
72.928
72.944	65.40639132514966
72.96	65.40639132514966	92.4986056779086
72.976	65.40639132514966
72.992	65.40639132514966
73.008	65.40639132514966
73.024	65.40639132514966
73.04	65.40639132514966
73.056
73.072
73.088
73.104
73.12
73.136
73.152
73.168
73.184
73.2
73.216
73.232
73.248
73.264
73.28
73.296	73.41619197935188
73.312	73.41619197935188
73.328	73.41619197935188	92.4986056779086
73.344	73.41619197935188	92.4986056779086
73.36	73.41619197935188
73.376	73.41619197935188
73.392	73.41619197935188
73.408	73.41619197935188
73.424	73.41619197935188
73.44
73.456
73.472
73.488	65.40639132514966
73.504	65.40639132514966
73.52	65.40639132514966
73.536	65.40639132514966	92.4986056779086
73.552	65.40639132514966
73.568	65.40639132514966
73.584	65.40639132514966
73.6	65.40639132514966
73.616
73.632
73.648
73.664
73.68
73.696	73.41619197935188
73.712	73.41619197935188
73.728	73.41619197935188
73.744	73.41619197935188
73.76	73.41619197935188
73.776	73.41619197935188	92.4986056779086
73.792	73.41619197935188
73.808
73.824
73.84
73.856
73.872	65.40639132514966
73.888	65.40639132514966	92.4986056779086
73.904	65.40639132514966
73.92	65.40639132514966	92.4986056779086
73.936	65.40639132514966
73.952	65.40639132514966	92.4986056779086
73.968	65.40639132514966	92.4986056779086
73.984	65.40639132514966
74.0
74.016
74.032
74.048
74.064	92.4986056779086
74.08	92.4986056779086
74.096	92.4986056779086
74.112
74.128	92.4986056779086
74.144	92.4986056779086
74.16	73.41619197935188
74.176
74.192
74.208
74.224
74.24
74.256	73.41619197935188	92.4986056779086
74.272	73.41619197935188	92.4986056779086
74.288	73.41619197935188	92.4986056779086
74.304	73.41619197935188	92.4986056779086
74.32	73.41619197935188	92.4986056779086
74.336	73.41619197935188	92.4986056779086
74.352	73.41619197935188	92.4986056779086
74.368
74.384
74.4
74.416
74.432
74.448
74.464
74.48
74.496	73.41619197935188
74.512
74.528
74.544
74.56
74.576
74.592
74.608
74.624
74.64	73.41619197935188	92.4986056779086
74.656	73.41619197935188	92.4986056779086
74.672	73.41619197935188	92.4986056779086
74.688	73.41619197935188
74.704	73.41619197935188	92.4986056779086
74.72	73.41619197935188
74.736	73.41619197935188	92.4986056779086
74.752
74.768
74.784
74.8
74.816
74.832
74.848	73.41619197935188
74.864
74.88
74.896
74.912
74.928
74.944
74.96
74.976
74.992
75.008	65.40639132514966
75.024	65.40639132514966
75.04	65.40639132514966
75.056	65.40639132514966
75.072	65.40639132514966	92.4986056779086
75.088	65.40639132514966
75.104	65.40639132514966
75.12	65.40639132514966
75.136
75.152
75.168
75.184
75.2
75.216
75.232	73.41619197935188
75.248	73.41619197935188
75.264	73.41619197935188
75.28	73.41619197935188
75.296	73.41619197935188
75.312	73.41619197935188
75.328
75.344
75.36
75.376
75.392	65.40639132514966
75.408	65.40639132514966
75.424	65.40639132514966
75.44	65.40639132514966	92.4986056779086
75.456	65.40639132514966
75.472	65.40639132514966
75.488	65.40639132514966
75.504	65.40639132514966
75.52
75.536
75.552
75.568
75.584	73.41619197935188
75.6	73.41619197935188
75.616
75.632
75.648
75.664	92.4986056779086
75.68
75.696
75.712
75.728
75.744	73.41619197935188
75.76	73.41619197935188
75.776	73.41619197935188
75.792	73.41619197935188
75.808	73.41619197935188
75.824	73.41619197935188	92.4986056779086
75.84	73.41619197935188	92.4986056779086
75.856	73.41619197935188
75.872	73.41619197935188
75.888
75.904
75.92
75.936
75.952	65.40639132514966
75.968	65.40639132514966
75.984	65.40639132514966	92.4986056779086
76.0	65.40639132514966	92.4986056779086
76.016	65.40639132514966
76.032	65.40639132514966
76.048	65.40639132514966
76.064	65.40639132514966
76.08
76.096
76.112
76.128
76.144	92.4986056779086
76.16	92.4986056779086
76.176	92.4986056779086
76.192	92.4986056779086
76.208
76.224	92.4986056779086
76.24
76.256
76.272
76.288
76.304
76.32	73.41619197935188
76.336	73.41619197935188
76.352	73.41619197935188
76.368	73.41619197935188	92.4986056779086
76.384	73.41619197935188
76.4	73.41619197935188
76.416	73.41619197935188
76.432
76.448
76.464
76.48
76.496
76.512
76.528
76.544
76.56
76.576
76.592
76.608
76.624
76.64
76.656
76.672
76.688
76.704
76.72	73.41619197935188
76.736	73.41619197935188
76.752
76.768
76.784	73.41619197935188
76.8
76.816
76.832
76.848
76.864	65.40639132514966
76.88	65.40639132514966	92.4986056779086
76.896	65.40639132514966
76.912	65.40639132514966
76.928	65.40639132514966
76.944	65.40639132514966
76.96	65.40639132514966	92.4986056779086
76.976	65.40639132514966
76.992
77.008
77.024
77.04
77.056	65.40639132514966
77.072	65.40639132514966
77.088
77.104
77.12
77.136	92.4986056779086
77.152
77.168
77.184
77.2
77.216	73.41619197935188
77.232	73.41619197935188
77.248	73.41619197935188	92.4986056779086
77.264	73.41619197935188	92.4986056779086
77.28	73.41619197935188
77.296	73.41619197935188	92.4986056779086
77.312	73.41619197935188	92.4986056779086
77.328	73.41619197935188
77.344	73.41619197935188
77.36
77.376
77.392
77.408
77.424	65.40639132514966
77.44	65.40639132514966	92.4986056779086
77.456	65.40639132514966	92.4986056779086
77.472	65.40639132514966	92.4986056779086
77.488	65.40639132514966
77.504	65.40639132514966
77.52	65.40639132514966	92.4986056779086
77.536	65.40639132514966
77.552
77.568
77.584
77.6
77.616
77.632	92.4986056779086
77.648	92.4986056779086
77.664	92.4986056779086
77.68
77.696	92.4986056779086
77.712	92.4986056779086
77.728
77.744
77.76
77.776
77.792	73.41619197935188
77.808	73.41619197935188	92.4986056779086
77.824	73.41619197935188	92.4986056779086
77.84	73.41619197935188	92.4986056779086
77.856	73.41619197935188	92.4986056779086
77.872	73.41619197935188
77.888	73.41619197935188
77.904	73.41619197935188
77.92
77.936
77.952
77.968
77.984
78.0	92.4986056779086
78.016
78.032
78.048
78.064	92.4986056779086
78.08
78.096
78.112
78.128
78.144
78.16
78.176
78.192	73.41619197935188
78.208
78.224
78.24	73.41619197935188
78.256
78.272	73.41619197935188
78.288
78.304
78.32
78.336	65.40639132514966
78.352	65.40639132514966	92.4986056779086
78.368	65.40639132514966	92.4986056779086
78.384	65.40639132514966	92.4986056779086
78.4	65.40639132514966	92.4986056779086
78.416	65.40639132514966
78.432	65.40639132514966	92.4986056779086
78.448	65.40639132514966	92.4986056779086
78.464
78.48
78.496
78.512
78.528
78.544	65.40639132514966
78.56	92.4986056779086
78.576
78.592
78.608	73.41619197935188	92.4986056779086
78.624	92.4986056779086
78.64
78.656
78.672
78.688
78.704
78.72	73.41619197935188
78.736	73.41619197935188	92.4986056779086
78.752	73.41619197935188	92.4986056779086
78.768	73.41619197935188	92.4986056779086
78.784	73.41619197935188	92.4986056779086
78.8	73.41619197935188	92.4986056779086
78.816	73.41619197935188	92.4986056779086
78.832	73.41619197935188	92.4986056779086
78.848
78.864
78.88
78.896	65.40639132514966
78.912	65.40639132514966
78.928	65.40639132514966	92.4986056779086
78.944	65.40639132514966	92.4986056779086
78.96	65.40639132514966	92.4986056779086
78.976	65.40639132514966	92.4986056779086
78.992	65.40639132514966
79.008	65.40639132514966	92.4986056779086
79.024	65.40639132514966
79.04	65.40639132514966
79.056
79.072
79.088
79.104
79.12
79.136	73.41619197935188
79.152
79.168
79.184	92.4986056779086
79.2	92.4986056779086
79.216
79.232
79.248
79.264
79.28
79.296	73.41619197935188
79.312	73.41619197935188	92.4986056779086
79.328	73.41619197935188	92.4986056779086
79.344	73.41619197935188
79.36	73.41619197935188
79.376	73.41619197935188
79.392	73.41619197935188
79.408	73.41619197935188
79.424
79.44
79.456
79.472
79.488
79.504
79.52
79.536
79.552
79.568
79.584
79.6
79.616
79.632
79.648
79.664	73.41619197935188
79.68	73.41619197935188
79.696	73.41619197935188
79.712	73.41619197935188
79.728
79.744	73.41619197935188
79.76	73.41619197935188
79.776
79.792
79.808
79.824
79.84	65.40639132514966	73.41619197935188
79.856	65.40639132514966	92.4986056779086
79.872	65.40639132514966	92.4986056779086
79.888	65.40639132514966	92.4986056779086
79.904	65.40639132514966	92.4986056779086
79.92	65.40639132514966	92.4986056779086
79.936	65.40639132514966	92.4986056779086
79.952	65.40639132514966	92.4986056779086
79.968
79.984
80.0
80.016
80.032	73.41619197935188
80.048	73.41619197935188
80.064	73.41619197935188
80.08	73.41619197935188
80.096	73.41619197935188
80.112	73.41619197935188	92.4986056779086
80.128	73.41619197935188	92.4986056779086
80.144	73.41619197935188
80.16
80.176
80.192
80.208	73.41619197935188
80.224	73.41619197935188	92.4986056779086
80.24	73.41619197935188	92.4986056779086
80.256	73.41619197935188	92.4986056779086
80.272	73.41619197935188	92.4986056779086
80.288	73.41619197935188	92.4986056779086
80.304	73.41619197935188	92.4986056779086
80.32	73.41619197935188
80.336
80.352
80.368
80.384
80.4
80.416	65.40639132514966
80.432	65.40639132514966
80.448	65.40639132514966	92.4986056779086
80.464	65.40639132514966
80.48	65.40639132514966
80.496	65.40639132514966
80.512	65.40639132514966
80.528	65.40639132514966
80.544
80.56
80.576
80.592
80.608
80.624
80.64
80.656
80.672
80.688
80.704
80.72
80.736
80.752
80.768	73.41619197935188
80.784	73.41619197935188
80.8	73.41619197935188
80.816	73.41619197935188
80.832	73.41619197935188
80.848	73.41619197935188
80.864	73.41619197935188
80.88	73.41619197935188
80.896
80.912
80.928
80.944	65.40639132514966
80.96	65.40639132514966
80.976	65.40639132514966
80.992	65.40639132514966
81.008	65.40639132514966
81.024	65.40639132514966
81.04	65.40639132514966
81.056	65.40639132514966
81.072
81.088
81.104
81.12
81.136
81.152	73.41619197935188
81.168	73.41619197935188
81.184	73.41619197935188
81.2	73.41619197935188
81.216	73.41619197935188
81.232	73.41619197935188
81.248	73.41619197935188
81.264	73.41619197935188
81.28
81.296
81.312
81.328
81.344	65.40639132514966
81.36	65.40639132514966
81.376	65.40639132514966
81.392	65.40639132514966	92.4986056779086
81.408	65.40639132514966
81.424	65.40639132514966	92.4986056779086
81.44	65.40639132514966
81.456	65.40639132514966
81.472
81.488
81.504
81.52
81.536
81.552	92.4986056779086
81.568	92.4986056779086
81.584	92.4986056779086
81.6	92.4986056779086
81.616	92.4986056779086
81.632
81.648
81.664
81.68
81.696
81.712	73.41619197935188
81.728	73.41619197935188
81.744	73.41619197935188	92.4986056779086
81.76	73.41619197935188
81.776	73.41619197935188	92.4986056779086
81.792	73.41619197935188
81.808	73.41619197935188	92.4986056779086
81.824	73.41619197935188
81.84
81.856
81.872
81.888
81.904
81.92
81.936
81.952
81.968
81.984
82.0
82.016
82.032
82.048
82.064
82.08
82.096	73.41619197935188
82.112	73.41619197935188
82.128
82.144
82.16
82.176
82.192
82.208
82.224
82.24
82.256
82.272	73.41619197935188
82.288	73.41619197935188	92.4986056779086
82.304	73.41619197935188	92.4986056779086
82.32	73.41619197935188	92.4986056779086
82.336	73.41619197935188	92.4986056779086
82.352	73.41619197935188
82.368	73.41619197935188	92.4986056779086
82.384
82.4
82.416
82.432
82.448
82.464
82.48
82.496
82.512
82.528
82.544
82.56
82.576
82.592
82.608
82.624	73.41619197935188
82.64	73.41619197935188
82.656	73.41619197935188
82.672	73.41619197935188
82.688	73.41619197935188
82.704	73.41619197935188
82.72	73.41619197935188
82.736
82.752
82.768
82.784
82.8
82.816	65.40639132514966
82.832	65.40639132514966
82.848	65.40639132514966	92.4986056779086
82.864	65.40639132514966	92.4986056779086
82.88	65.40639132514966	92.4986056779086
82.896	65.40639132514966	92.4986056779086
82.912	65.40639132514966	92.4986056779086
82.928	65.40639132514966	92.4986056779086
82.944
82.96
82.976
82.992
83.008
83.024
83.04	73.41619197935188
83.056
83.072	73.41619197935188
83.088
83.104
83.12
83.136
83.152
83.168
83.184	73.41619197935188
83.2	73.41619197935188	92.4986056779086
83.216	73.41619197935188	92.4986056779086
83.232	73.41619197935188	92.4986056779086
83.248	73.41619197935188
83.264	73.41619197935188
83.28	73.41619197935188
83.296	73.41619197935188
83.312
83.328
83.344
83.36
83.376	65.40639132514966
83.392	65.40639132514966
83.408	65.40639132514966	92.4986056779086
83.424	65.40639132514966	92.4986056779086
83.44	65.40639132514966
83.456	65.40639132514966
83.472	65.40639132514966
83.488	65.40639132514966
83.504
83.52
83.536
83.552
83.568
83.584
83.6
83.616
83.632
83.648
83.664
83.68
83.696
83.712
83.728
83.744	73.41619197935188
83.76	73.41619197935188
83.776	73.41619197935188	92.4986056779086
83.792	73.41619197935188	92.4986056779086
83.808	73.41619197935188
83.824	73.41619197935188
83.84	73.41619197935188
83.856	73.41619197935188
83.872
83.888
83.904
83.92	65.40639132514966
83.936	65.40639132514966
83.952	65.40639132514966
83.968	65.40639132514966
83.984	65.40639132514966
84.0	65.40639132514966
84.016	65.40639132514966
84.032	65.40639132514966
84.048	65.40639132514966
84.064
84.08
84.096
84.112
84.128
84.144	73.41619197935188
84.16	73.41619197935188
84.176	73.41619197935188
84.192	73.41619197935188
84.208	73.41619197935188
84.224	73.41619197935188
84.24	73.41619197935188
84.256
84.272
84.288
84.304
84.32	65.40639132514966
84.336	65.40639132514966
84.352	65.40639132514966
84.368	65.40639132514966
84.384	65.40639132514966
84.4	65.40639132514966
84.416	65.40639132514966
84.432	65.40639132514966
84.448	65.40639132514966
84.464
84.48
84.496
84.512	73.41619197935188
84.528	73.41619197935188
84.544	73.41619197935188
84.56	73.41619197935188
84.576
84.592
84.608	92.4986056779086
84.624	73.41619197935188	92.4986056779086
84.64	73.41619197935188
84.656
84.672
84.688
84.704	73.41619197935188
84.72	73.41619197935188	92.4986056779086
84.736	73.41619197935188	92.4986056779086
84.752	73.41619197935188	92.4986056779086
84.768	73.41619197935188	92.4986056779086
84.784	73.41619197935188	92.4986056779086
84.8	73.41619197935188
84.816	73.41619197935188
84.832
84.848
84.864
84.88
84.896
84.912	65.40639132514966
84.928	65.40639132514966
84.944	65.40639132514966
84.96	65.40639132514966
84.976	65.40639132514966
84.992	65.40639132514966
85.008	65.40639132514966
85.024	65.40639132514966
85.04
85.056
85.072
85.088
85.104
85.12	92.4986056779086
85.136	92.4986056779086
85.152	92.4986056779086
85.168
85.184
85.2
85.216
85.232
85.248
85.264	73.41619197935188
85.28	73.41619197935188
85.296	73.41619197935188
85.312	73.41619197935188
85.328
85.344	73.41619197935188	92.4986056779086
85.36	73.41619197935188	92.4986056779086
85.376
85.392
85.408
85.424
85.44
85.456
85.472
85.488
85.504
85.52
85.536
85.552
85.568
85.584
85.6
85.616
85.632
85.648
85.664	73.41619197935188
85.68	73.41619197935188
85.696
85.712
85.728
85.744
85.76
85.776
85.792
85.808
85.824
85.84	73.41619197935188
85.856	73.41619197935188
85.872	73.41619197935188
85.888	73.41619197935188
85.904	73.41619197935188
85.92	73.41619197935188
85.936	73.41619197935188
85.952
85.968
85.984
86.0	73.41619197935188
86.016	73.41619197935188
86.032	73.41619197935188	92.4986056779086
86.048	73.41619197935188	92.4986056779086
86.064	73.41619197935188
86.08	73.41619197935188
86.096	73.41619197935188
86.112	73.41619197935188
86.128
86.144
86.16
86.176
86.192	73.41619197935188
86.208	73.41619197935188
86.224	73.41619197935188	92.4986056779086
86.24	73.41619197935188	92.4986056779086
86.256	73.41619197935188	92.4986056779086
86.272	73.41619197935188	92.4986056779086
86.288	73.41619197935188	92.4986056779086
86.304	73.41619197935188
86.32
86.336
86.352
86.368
86.384	65.40639132514966
86.4	65.40639132514966
86.416	65.40639132514966	92.4986056779086
86.432	65.40639132514966
86.448	65.40639132514966	130.8127826502993
86.464	65.40639132514966	130.8127826502993
86.48	65.40639132514966
86.496	65.40639132514966
86.512
86.528
86.544
86.56
86.576
86.592
86.608	65.40639132514966
86.624
86.64
86.656
86.672	65.40639132514966
86.688
86.704
